
ARI
1,C,Carson Kelly,24,111,365,314,46,77,19,0,18,47,0,0,48,79,.245,.348,.478,.826,112,150,11,2,0,1,10
2,1B,Christian Walker,28,152,603,529,86,137,26,1,29,73,8,1,67,155,.259,.348,.476,.825,111,252,11,6,0,1,6
3,2B,Wilmer Flores,27,89,285,265,31,84,18,0,9,37,0,0,15,31,.317,.361,.487,.848,118,129,9,4,0,1,0
4,SS,Nick Ahmed,29,158,625,556,79,141,33,6,19,82,8,2,52,113,.254,.316,.437,.753,93,243,15,4,1,12,2
5,3B,Eduardo Escobar,30,158,699,636,94,171,29,10,35,118,5,1,50,130,.269,.320,.511,.831,111,325,8,3,0,10,3
6,LF,David Peralta,31,99,423,382,48,105,29,3,12,57,0,0,35,87,.275,.343,.461,.804,106,176,9,5,0,1,3
7,CF,Ketel Marte,25,144,628,569,97,187,36,9,32,92,10,2,53,86,.329,.389,.592,.981,149,337,7,4,0,2,2
8,RF,Adam Jones,33,137,528,485,66,126,25,1,16,67,2,1,31,101,.260,.313,.414,.728,87,201,15,8,0,3,2
9,OF,Jarrod Dyson,34,130,452,400,65,92,11,2,7,27,30,4,47,86,.230,.313,.320,.633,66,128,1,2,1,2,0
10,LF,Tim Locastro,26,91,250,212,38,53,12,2,1,17,17,0,14,44,.250,.357,.340,.697,84,72,1,22,1,1,0
11,CI,Jake Lamb,28,78,226,187,26,36,8,2,6,30,1,0,32,55,.193,.323,.353,.676,76,66,4,5,0,2,1
12,2B,Ildemaro Vargas,27,92,211,201,25,54,9,1,6,24,1,0,9,24,.269,.299,.413,.712,82,83,6,0,0,1,0
13,C,Alex Avila,32,63,201,164,22,34,8,0,9,24,1,0,36,68,.207,.353,.421,.774,100,69,8,1,0,0,7
14,LF,Josh Rojas,25,41,157,138,17,30,7,0,2,16,4,2,18,41,.217,.312,.312,.624,64,43,3,1,0,0,0
15,1B,Kevin Cron,26,39,78,71,12,15,4,0,6,16,0,1,4,28,.211,.269,.521,.790,98,37,2,2,0,1,0
16,OF,Blake Swihart,27,31,70,66,9,9,0,0,3,9,0,0,4,29,.136,.186,.273,.458,17,18,2,0,0,0,0
18,C,Caleb Joseph,33,20,41,38,5,8,2,0,0,3,0,0,1,10,.211,.250,.263,.513,34,10,0,1,1,0,0
19,OF,Abraham Almonte,30,17,38,31,11,9,3,1,1,4,0,0,7,8,.290,.421,.548,.969,149,17,1,0,0,0,0
20,IF,Domingo Leyba,23,21,30,25,6,7,2,1,0,5,0,0,4,9,.280,.367,.440,.807,109,11,0,0,0,1,0
21,DH,Yasmany Tomás,28,4,6,6,0,0,0,0,0,0,0,0,0,3,.000,.000,.000,.000,-100,0,1,0,0,0,0

ATL
1,C,Tyler Flowers,33,85,310,271,36,62,11,3,11,34,0,0,31,105,.229,.319,.413,.733,86,112,8,6,0,2,3
2,1B,Freddie Freeman,29,158,692,597,113,176,34,2,38,121,6,3,87,127,.295,.389,.549,.938,136,328,17,6,0,2,11
3,2B,Ozzie Albies,22,160,702,640,102,189,43,8,24,86,15,4,54,112,.295,.352,.500,.852,114,320,2,4,0,4,6
4,SS,Dansby Swanson,25,127,545,483,77,121,26,3,17,65,10,5,51,124,.251,.325,.422,.748,89,204,7,5,1,5,2
5,3B,Josh Donaldson,33,155,659,549,96,142,33,0,37,94,4,2,100,155,.259,.379,.521,.900,127,286,13,8,0,2,2
6,LF,Austin Riley,22,80,297,274,41,62,11,1,18,49,0,2,16,108,.226,.279,.471,.750,86,129,4,5,0,2,3
8,RF,Nick Markakis,35,116,469,414,61,118,25,2,9,62,2,0,47,59,.285,.356,.420,.776,98,174,11,2,0,6,1
9,C,Brian McCann,35,85,316,277,28,69,9,0,12,45,0,0,31,53,.249,.323,.412,.734,86,114,10,2,0,6,1
10,IF,Johan Camargo,25,98,248,232,31,54,12,1,7,32,1,0,15,43,.233,.279,.384,.663,67,89,5,0,1,0,2
11,RF,Matthew Joyce,34,129,238,200,32,59,10,0,7,23,0,0,38,45,.295,.408,.450,.858,120,90,3,0,0,0,0
12,CF,Ender Inciarte,28,65,230,199,30,49,11,2,5,24,7,1,26,41,.246,.343,.397,.740,89,79,1,4,0,1,2
13,UT,Charlie Culberson,30,108,144,135,14,35,5,2,5,20,0,1,6,44,.259,.294,.437,.731,83,59,5,1,1,1,0
14,LF,Adam Duvall,30,41,130,120,17,32,4,1,10,19,0,0,7,39,.267,.315,.567,.882,118,68,0,2,0,1,0
15,LF,Rafael Ortega,28,34,96,88,7,18,3,0,2,10,3,0,8,22,.205,.271,.307,.578,48,27,2,0,0,0,0
16,SS,Adeiny Hechavarria,30,24,70,61,14,20,5,1,4,15,0,0,6,15,.328,.400,.639,1.039,159,39,1,2,0,1,0
17,CF,Billy Hamilton,28,26,48,41,9,11,2,0,0,3,4,1,7,13,.268,.375,.317,.692,81,13,0,0,0,0,1
18,UT,Francisco Cervelli,33,14,37,32,4,9,5,1,2,7,0,0,4,10,.281,.378,.688,1.066,163,22,3,1,0,0,0
19,C,Alex Jackson,23,4,15,13,0,0,0,0,0,0,0,0,1,5,.000,.133,.000,.133,-60,0,1,1,0,0,1

CHC
1,C,Willson Contreras,27,105,409,360,57,98,18,2,24,64,1,2,38,102,.272,.355,.533,.888,125,192,4,9,0,2,2
2,1B,Anthony Rizzo,29,146,613,512,89,150,29,3,27,94,5,2,71,86,.293,.405,.520,.924,137,266,15,27,0,3,3
3,2B,Addison Russell,25,82,241,215,25,51,4,1,9,23,2,0,20,58,.237,.308,.391,.699,79,84,7,3,1,2,2
4,SS,Javier Baez,26,138,561,531,89,149,38,4,29,85,11,7,28,156,.281,.316,.531,.847,113,282,16,0,0,2,3
5,3B,Kris Bryant,27,147,634,543,108,153,35,1,31,77,4,0,74,145,.282,.382,.521,.903,131,283,10,15,0,2,1
6,LF,Kyle Schwarber,26,155,610,529,82,132,29,3,38,92,2,3,70,156,.250,.339,.531,.871,120,281,6,5,0,6,5
7,CF,Albert Almora,25,130,363,339,41,80,11,1,12,32,2,1,16,62,.236,.271,.381,.651,66,129,8,1,5,2,4
8,RF,Jason Heyward,29,147,589,513,78,129,20,4,21,62,8,3,68,110,.251,.343,.429,.772,98,220,12,5,0,3,5
9,IF,David Bote,26,127,356,303,47,78,17,0,11,41,5,1,44,93,.257,.362,.422,.785,103,128,11,7,0,2,4
10,C,Victor Caratini,25,95,279,244,31,65,11,0,11,34,1,0,29,59,.266,.348,.447,.794,104,109,6,3,0,3,0
11,RF,Nicholas Castellanos,27,51,225,212,43,68,21,0,16,36,0,1,10,47,.321,.356,.646,1.002,151,137,5,2,0,1,0
12,2B,Daniel Descalso,32,82,194,168,20,29,5,1,2,15,2,1,23,57,.173,.271,.250,.521,37,42,3,0,1,1,0
13,2B,Ben Zobrist,38,47,176,150,24,39,5,0,1,17,0,0,23,24,.260,.358,.313,.671,77,47,6,1,0,2,0
14,UT,Ian Happ,24,58,156,140,25,37,7,1,11,30,2,0,15,39,.264,.333,.564,.898,126,79,1,0,0,1,0
15,UT,Tony Kemp,27,44,93,82,8,15,3,2,1,12,0,1,7,18,.183,.258,.305,.563,45,25,2,2,0,2,0
16,SS,Nico Hoerner,22,20,82,78,13,22,1,1,3,17,0,0,3,11,.282,.305,.436,.741,88,34,3,0,0,1,1
17,2B,Robel Garcia,26,31,80,72,8,15,2,2,5,11,0,0,7,35,.208,.275,.500,.775,94,36,2,0,0,1,0
18,C,Jonathan Lucroy,33,27,60,53,2,10,2,0,1,6,0,0,6,12,.189,.283,.283,.566,48,15,2,1,0,0,1
19,OF,Carlos Gonzalez,33,15,49,40,8,7,2,0,1,3,0,2,8,19,.175,.306,.300,.606,59,12,1,0,0,1,1
20,OF,Mark Zagunis,26,30,40,36,2,9,3,0,0,5,0,0,4,16,.250,.325,.333,.658,72,12,1,0,0,0,0
21,C,Taylor Davis,29,7,20,18,2,3,0,0,1,4,0,0,2,4,.167,.250,.333,.583,49,6,0,0,0,0,0
22,C,Martin Maldonado,32,4,13,11,0,0,0,0,0,0,0,0,2,5,.000,.154,.000,.154,-54,0,0,0,0,0,1
23,RF,Jim Adduci,34,2,5,5,0,0,0,0,0,0,0,0,0,3,.000,.000,.000,.000,-100,0,0,0,0,0,0

CIN
1,C,Tucker Barnhart,28,114,364,316,32,73,14,0,11,40,1,0,44,83,.231,.328,.380,.708,82,120,5,2,1,1,7
2,1B,Joey Votto,35,142,608,525,79,137,32,1,15,47,5,0,76,123,.261,.357,.411,.768,98,216,14,4,0,3,2
3,2B,Jose Peraza,25,141,403,376,37,90,18,2,6,33,7,6,17,58,.239,.285,.346,.631,62,130,9,8,0,2,0
4,SS,José Iglesias,29,146,530,504,62,145,21,3,11,59,6,6,20,70,.288,.318,.407,.724,85,205,17,3,1,2,3
5,3B,Eugenio Suarez,27,159,662,575,87,156,22,2,49,103,3,2,70,189,.271,.358,.572,.930,134,329,12,11,0,6,4
6,LF,Jesse Winker,25,113,384,338,51,91,17,2,16,38,0,2,38,60,.269,.357,.473,.830,111,160,10,8,0,0,2
7,CF,Nick Senzel,24,104,414,375,55,96,20,4,12,42,14,5,30,101,.256,.315,.427,.742,89,160,6,3,0,1,0
8,RF,Yasiel Puig,28,100,404,373,51,94,15,1,22,61,14,5,23,89,.252,.302,.475,.777,95,177,9,5,0,3,1
9,2B,Derek Dietrich,29,113,306,251,41,47,8,2,19,43,1,1,28,74,.187,.328,.462,.790,100,116,2,25,0,1,2
10,LF,Josh VanMeter,24,95,260,228,33,54,13,1,8,23,9,3,29,56,.237,.327,.408,.735,88,93,5,2,0,1,0
11,OF,Phil Ervin,26,94,260,236,30,64,11,7,7,23,4,3,18,63,.271,.331,.466,.797,102,110,4,4,0,2,0
12,C,Curt Casali,30,84,236,207,24,52,9,0,8,32,0,0,25,59,.251,.331,.411,.741,90,85,1,1,0,3,1
13,RF,Aristides Aquino,25,56,225,205,31,53,8,0,19,47,7,0,16,60,.259,.316,.576,.891,122,118,5,2,0,2,2
14,UT,Kyle Farmer,28,97,197,183,22,42,6,0,9,27,4,1,10,59,.230,.279,.410,.689,74,75,1,3,0,1,1
15,2B,Freddy Galvis,29,32,116,107,12,25,4,0,5,16,0,1,7,33,.234,.284,.411,.696,76,44,3,1,0,1,0
16,CF,Scott Schebler,28,30,95,81,11,10,2,0,2,7,0,1,14,27,.123,.253,.222,.475,25,18,3,0,0,0,0
17,2B,Scooter Gennett,29,21,72,69,4,15,3,0,0,5,0,0,1,20,.217,.236,.261,.497,28,18,0,1,0,1,0
18,LF,Matt Kemp,34,20,62,60,4,12,2,0,1,5,0,0,1,19,.200,.210,.283,.493,25,17,2,0,0,1,0
19,OF,Michael Lorenzen,27,100,53,48,6,10,2,0,1,6,5,2,5,17,.208,.283,.313,.596,54,15,1,0,0,0,0
20,IF,Alex Blandino,26,23,50,36,6,9,1,0,1,3,0,0,10,14,.250,.420,.361,.781,105,13,1,2,0,2,0
22,C,Ryan Lavarnway,31,5,19,18,4,5,2,0,2,7,0,0,1,5,.278,.316,.722,1.038,154,13,0,0,0,0,0
23,C,Juan Graterol,30,6,18,18,1,4,0,0,0,1,0,0,0,4,.222,.222,.222,.444,16,4,0,0,0,0,0
24,2B,Christian Colon,30,8,8,6,1,3,0,0,0,1,0,0,0,0,.500,.625,.500,1.125,198,3,0,2,0,0,0

COL
1,C,Tony Wolters,27,121,411,359,42,94,17,2,1,42,0,1,36,68,.262,.337,.329,.666,64,118,9,8,2,6,5
2,1B,Daniel Murphy,34,132,478,438,56,122,35,1,13,78,1,1,32,74,.279,.328,.452,.780,87,198,10,2,0,4,1
3,2B,Ryan McMahon,24,141,539,480,70,120,22,1,24,83,5,1,56,160,.250,.329,.450,.779,87,216,14,1,1,1,1
4,SS,Trevor Story,26,145,656,588,111,173,38,5,35,85,23,8,58,174,.294,.363,.554,.917,118,326,3,7,0,3,0
5,3B,Nolan Arenado,28,155,662,588,102,185,31,2,41,118,3,2,62,93,.315,.379,.583,.962,129,343,14,4,0,8,11
6,LF,Raimel Tapia,25,138,447,426,54,117,23,5,9,44,9,3,21,100,.275,.309,.415,.724,74,177,2,0,0,0,0
7,CF,Ian Desmond,33,140,482,443,64,113,31,4,20,65,3,3,34,119,.255,.310,.479,.788,88,212,12,2,1,2,1
8,RF,Charlie Blackmon,32,140,634,580,112,182,42,7,32,86,2,5,40,104,.314,.364,.576,.940,123,334,11,9,0,5,1
9,OF,David Dahl,25,100,413,374,67,113,28,5,15,61,4,4,28,110,.302,.353,.524,.877,109,196,3,4,2,5,0
10,UT,Garrett Hampson,24,105,327,299,40,74,9,4,8,27,15,3,24,88,.247,.302,.385,.686,66,115,2,0,2,2,1
11,C,Chris Iannetta,36,52,164,144,20,32,10,0,6,21,0,0,18,54,.222,.311,.417,.728,75,60,9,1,0,1,3
12,1B,Mark Reynolds,35,78,162,135,13,23,7,0,4,20,2,0,22,57,.170,.290,.311,.601,47,42,3,2,0,3,0
13,CF,Yonathan Daza,25,44,105,97,7,20,1,1,0,3,1,0,7,21,.206,.257,.237,.494,22,23,2,0,0,1,0
14,OF,Sam Hilliard,25,27,87,77,13,21,4,2,7,13,2,0,9,23,.273,.356,.649,1.006,136,50,1,1,0,0,0
15,IF,Pat Valaika,26,40,86,79,11,15,5,1,1,4,0,0,7,34,.190,.256,.316,.572,38,25,1,0,0,0,0
16,1B,Yonder Alonso,32,54,84,73,11,19,7,0,3,10,0,0,10,17,.260,.357,.479,.837,101,35,5,1,0,0,1
17,MI,Brendan Rodgers,22,25,81,76,8,17,2,0,0,7,0,0,4,27,.224,.272,.250,.522,29,19,2,1,0,0,0
18,1B,Josh Fuentes,26,24,56,55,8,12,1,0,3,7,1,0,1,20,.218,.232,.400,.632,49,22,0,0,0,0,0
19,C,Drew Butera,35,16,49,43,6,7,3,0,0,3,0,0,4,14,.163,.229,.233,.462,13,10,2,0,1,1,0
20,C,Dom Nunez,24,16,43,39,4,7,3,0,2,4,0,0,3,17,.179,.233,.410,.643,51,16,0,0,0,1,0
21,LF,Noel Cuevas,27,1,2,2,0,0,0,0,0,0,0,0,0,0,.000,.000,.000,.000,-100,0,0,0,0,0,0

LAD
1,C,Austin Barnes,29,75,242,212,28,43,12,1,5,25,3,0,23,56,.203,.293,.340,.633,68,72,8,5,0,2,3
2,1B,Max Muncy,28,141,589,487,101,122,22,1,35,98,4,1,90,149,.251,.374,.515,.889,133,251,5,8,0,4,1
3,2B,Enrique Hernandez,27,130,460,414,57,98,19,1,17,64,4,0,36,97,.237,.304,.411,.715,87,170,9,6,0,4,3
4,SS,Corey Seager,25,134,541,489,82,133,44,1,19,87,1,0,44,98,.272,.335,.483,.817,113,236,8,4,0,4,3
5,3B,Justin Turner,34,135,549,479,80,139,24,0,27,67,2,0,51,88,.290,.372,.509,.881,131,244,11,14,0,5,1
6,LF,Joc Pederson,27,149,514,450,83,112,16,3,36,74,1,1,50,111,.249,.339,.538,.876,127,242,4,12,0,2,2
7,CF,A.J. Pollock,31,86,342,308,49,82,15,1,15,47,5,1,23,74,.266,.327,.468,.795,108,144,7,7,0,4,1
8,RF,Cody Bellinger,23,156,661,558,121,170,34,3,47,115,15,5,95,108,.305,.406,.629,1.035,169,351,10,3,0,4,21
9,UT,Chris Taylor,28,124,414,366,52,96,29,4,12,52,8,0,37,115,.262,.333,.462,.794,108,169,6,4,2,5,3
10,OF,Alex Verdugo,23,106,377,343,43,101,22,2,12,44,4,1,26,49,.294,.342,.475,.817,114,163,8,2,0,6,1
11,UT,Matt Beaty,26,99,268,249,36,66,19,1,9,46,5,0,17,33,.265,.317,.458,.775,102,114,6,2,0,0,2
12,C,Russell Martin,36,83,249,209,29,46,5,0,6,20,1,0,30,60,.220,.337,.330,.667,79,69,1,8,0,2,3
13,C,Will Smith,24,54,196,170,30,43,9,0,15,42,2,0,18,52,.253,.337,.571,.907,134,97,3,5,0,3,1
14,1B,David Freese,36,79,186,162,35,51,13,0,11,29,0,0,23,44,.315,.403,.599,1.002,161,97,7,1,0,0,0
15,2B,Gavin Lux,21,23,82,75,12,18,4,1,2,9,2,0,7,24,.240,.305,.400,.705,85,30,0,0,0,0,0
16,UT,Kristopher Negron,33,30,57,54,9,14,1,0,2,7,0,1,3,17,.259,.298,.389,.687,81,21,1,0,0,0,1
17,CI,Edwin Rios,25,28,56,47,10,13,2,1,4,8,0,0,9,21,.277,.393,.617,1.010,162,29,1,0,0,0,0
18,OF,Kyle Garlick,27,30,53,48,8,12,4,0,3,6,0,0,5,19,.250,.321,.521,.842,118,25,0,0,0,0,1
19,IF,Jedd Gyorko,30,24,39,36,1,5,1,0,0,2,0,0,3,10,.139,.205,.167,.372,1,6,2,0,0,0,0
20,1B,Tyler White,28,12,26,22,2,1,0,0,0,2,0,0,4,4,.045,.192,.045,.238,-31,1,0,0,0,0,0
21,C,Rocky Gale,31,5,15,15,1,2,0,0,0,0,0,0,0,7,.133,.133,.133,.267,-29,2,1,0,0,0,0

MIA
1,C,Jorge Alfaro,26,130,465,431,44,113,14,1,18,57,4,4,22,154,.262,.312,.425,.736,95,183,12,10,0,2,1
2,1B,Garrett Cooper,28,107,421,381,52,107,16,1,15,50,0,0,33,110,.281,.344,.446,.791,110,170,10,5,0,2,0
3,2B,Starlin Castro,29,162,676,636,68,172,31,4,22,86,2,2,28,111,.270,.300,.436,.736,94,277,23,3,0,9,2
4,SS,Miguel Rojas,30,132,526,483,52,137,29,1,5,46,9,5,32,62,.284,.331,.379,.710,90,183,15,5,1,5,2
5,3B,Brian Anderson,26,126,520,459,57,120,33,1,20,66,5,1,44,114,.261,.342,.468,.811,114,215,15,14,0,3,1
6,LF,Curtis Granderson,38,138,363,317,44,58,17,1,12,34,0,3,41,98,.183,.281,.356,.637,69,113,3,3,0,2,1
7,CF,Lewis Brinson,25,75,248,226,15,39,9,1,0,15,1,1,13,74,.173,.236,.221,.457,24,50,8,6,2,1,1
8,RF,Harold Ramirez,24,119,446,421,54,116,20,3,11,50,2,1,18,91,.276,.312,.416,.728,93,175,8,5,0,1,1
9,CI,Neil Walker,33,115,381,337,37,88,19,1,8,38,3,0,42,77,.261,.344,.395,.738,98,133,8,1,0,1,1
10,UT,Jon Berti,29,73,287,256,52,70,14,1,6,24,17,3,24,73,.273,.348,.406,.755,102,104,2,6,0,1,0
11,CI,Martin Prado,35,104,260,245,26,57,9,0,2,15,0,0,12,41,.233,.265,.294,.559,50,72,10,0,0,3,0
12,2B,Isan Diaz,23,49,201,179,17,31,5,2,5,23,0,3,19,59,.173,.259,.307,.566,51,55,2,2,0,1,0
13,LF,Austin Dean,25,64,189,178,17,40,14,0,6,21,0,2,9,47,.225,.261,.404,.665,74,72,5,0,1,1,1
14,CF,JT Riddle,27,51,139,132,15,25,6,0,6,12,0,0,5,42,.189,.230,.371,.601,57,49,3,2,0,0,1
15,C,Bryan Holaday,31,43,129,115,12,32,6,0,4,12,0,1,11,21,.278,.344,.435,.779,107,50,5,1,1,1,2
16,OF,Rosell Herrera,26,63,119,105,10,21,6,0,2,11,4,1,11,27,.200,.288,.314,.602,62,33,2,2,1,0,1
17,OF,Cesar Puello,28,32,97,84,8,15,2,0,1,6,0,0,7,30,.179,.281,.238,.519,42,20,1,5,1,0,1
18,UT,Yadiel Rivera,27,34,66,60,8,11,2,0,0,3,2,0,6,20,.183,.258,.217,.474,30,13,1,0,0,0,0
19,C,Chad Wallach,27,19,54,48,4,12,3,0,1,3,0,0,6,12,.250,.333,.375,.708,90,18,0,0,0,0,0
20,OF,Isaac Galloway,29,19,54,54,6,9,1,0,0,1,2,0,0,17,.167,.167,.185,.352,-6,10,0,0,0,0,0
22,OF,Magneuris Sierra,23,15,42,40,5,14,1,1,0,1,3,3,2,7,.350,.381,.425,.806,116,17,0,0,0,0,0

MIL
1,C,Yasmani Grandal,30,153,632,513,79,126,26,2,28,77,5,1,109,139,.246,.380,.468,.848,119,240,16,5,0,5,2
2,1B,Eric Thames,32,149,459,396,67,98,23,2,25,61,3,2,51,140,.247,.346,.505,.851,117,200,0,10,0,2,4
3,2B,Keston Hiura,22,84,348,314,51,95,23,2,19,49,9,3,25,107,.303,.368,.570,.938,138,179,6,8,0,1,1
4,SS,Orlando Arcia,24,152,546,494,51,110,16,1,15,59,8,5,43,109,.223,.283,.350,.633,64,173,15,1,2,6,5
5,3B,Mike Moustakas,30,143,584,523,80,133,30,1,35,87,3,0,53,98,.254,.329,.516,.845,114,270,12,6,0,2,5
6,LF,Ryan Braun,35,144,508,459,70,131,31,2,22,75,11,1,34,105,.285,.343,.505,.849,116,232,15,8,0,3,1
7,CF,Lorenzo Cain,33,148,623,562,75,146,30,0,11,48,18,8,50,106,.260,.325,.372,.697,81,209,14,6,0,4,0
8,RF,Christian Yelich,27,130,580,489,100,161,29,3,44,97,30,2,80,118,.329,.429,.671,1.100,179,328,8,8,0,3,16
9,OF,Ben Gamel,27,134,356,311,47,77,18,0,7,33,2,2,40,104,.248,.337,.373,.710,85,116,0,3,0,2,2
10,3B,Travis Shaw,29,86,270,230,22,36,5,0,7,16,0,0,36,89,.157,.281,.270,.551,45,62,5,4,0,0,3
11,1B,Jesus Aguilar,29,94,262,222,26,50,9,0,8,34,0,0,31,59,.225,.320,.374,.694,80,83,11,2,0,4,0
12,2B,Hernan Perez,28,91,246,232,29,53,11,0,8,18,5,1,11,66,.228,.262,.379,.642,64,88,9,0,2,1,0
13,OF,Trent Grisham,22,51,183,156,24,36,6,2,6,24,1,0,20,48,.231,.328,.410,.738,90,64,3,4,0,3,0
14,C,Manny Pina,32,76,179,158,10,36,8,0,7,25,0,0,16,50,.228,.313,.411,.724,86,65,1,4,0,1,1
15,2B,Cory Spangenberg,28,32,102,95,11,22,2,2,2,10,3,0,6,36,.232,.277,.358,.635,63,34,1,0,1,0,1
16,UT,Tyler Saladino,29,28,71,65,7,8,0,0,2,8,2,0,5,26,.123,.197,.215,.413,8,14,1,1,0,0,0
17,1B,Tyler Austin,27,17,27,20,5,4,2,0,1,4,1,0,6,7,.200,.370,.450,.820,112,9,1,0,0,1,1
19,OF,Tyrone Taylor,25,15,12,10,1,4,2,0,0,1,0,0,1,1,.400,.500,.600,1.100,185,6,0,1,0,0,0
20,UT,Jacob Nottingham,24,9,7,6,1,2,0,0,1,4,0,0,0,2,.333,.429,.833,1.262,215,5,0,1,0,0,0
21,SS,Mauricio Dubon,24,2,2,2,0,0,0,0,0,0,0,0,0,1,.000,.000,.000,.000,-100,0,0,0,0,0,0

NYM
1,C,Wilson Ramos,31,141,524,473,52,136,19,0,14,73,1,0,44,69,.288,.351,.416,.768,107,197,16,4,0,3,5
2,1B,Pete Alonso,24,161,693,597,103,155,30,2,53,120,1,0,72,183,.260,.358,.583,.941,148,348,13,21,0,3,6
3,2B,Robinson Cano,36,107,423,390,46,100,28,0,13,39,0,0,25,69,.256,.307,.428,.736,96,167,16,5,0,3,3
4,SS,Amed Rosario,23,157,655,616,75,177,30,7,15,72,19,10,31,124,.287,.323,.432,.755,102,266,13,3,2,3,2
5,3B,Todd Frazier,33,133,499,447,63,112,19,2,21,67,1,2,40,106,.251,.329,.443,.772,106,198,9,12,0,0,1
6,LF,J.D. Davis,26,140,453,410,65,126,22,1,22,57,3,0,38,97,.307,.369,.527,.895,138,216,14,3,0,2,2
7,CF,Juan Lagares,30,133,285,258,38,55,12,1,5,27,4,1,22,75,.213,.279,.326,.605,63,84,8,2,2,1,4
8,RF,Michael Conforto,26,151,648,549,90,141,29,1,33,92,7,2,84,149,.257,.363,.494,.856,128,271,11,10,0,5,5
9,UT,Jeff McNeil,27,133,567,510,83,162,38,1,23,75,5,6,35,75,.318,.384,.531,.916,144,271,5,21,0,1,2
10,OF,Brandon Nimmo,26,69,254,199,34,44,11,1,8,29,3,0,46,71,.221,.375,.407,.783,112,81,1,5,1,3,2
11,LF,Dominic Smith,24,89,197,177,35,50,10,0,11,25,1,2,19,44,.282,.355,.525,.881,134,93,5,1,0,0,0
12,2B,Adeiny Hechavarria,30,60,151,142,20,29,7,0,5,18,3,1,8,33,.204,.252,.359,.611,62,51,2,1,0,0,0
13,C,Tomas Nido,25,50,144,136,9,26,5,0,4,14,0,0,7,37,.191,.231,.316,.547,46,43,4,0,1,0,2
14,2B,Joe Panik,28,39,103,94,17,26,4,1,2,12,0,0,7,9,.277,.333,.404,.738,98,38,1,1,1,0,0
15,OF,Carlos Gomez,33,34,99,86,10,17,3,0,3,10,4,1,7,30,.198,.278,.337,.616,66,29,3,3,2,1,0
16,IF,Luis Guillorme,24,45,70,61,8,15,4,0,1,3,0,0,7,14,.246,.324,.361,.684,85,22,2,0,2,0,0
17,OF,Keon Broxton,29,34,53,49,5,7,1,0,0,2,4,1,4,22,.143,.208,.163,.371,3,8,1,0,0,0,0
18,OF,Aaron Altherr,28,26,35,31,6,4,1,0,1,2,0,0,2,15,.129,.200,.258,.458,23,8,0,1,0,1,0
19,OF,Rajai Davis,38,29,26,25,4,5,2,0,1,8,0,1,1,5,.200,.231,.400,.631,65,10,0,0,0,0,0
21,C,Rene Rivera,35,9,20,17,2,4,0,0,1,3,0,0,3,4,.235,.350,.412,.762,105,7,0,0,0,0,0
22,IF,Ruben Tejada,29,6,9,9,1,0,0,0,0,0,0,0,0,3,.000,.000,.000,.000,-100,0,0,0,0,0,0

PHI
1,C,J.T. Realmuto,28,145,593,538,92,148,36,3,25,83,9,1,41,123,.275,.328,.493,.820,108,265,12,5,0,8,2
2,1B,Rhys Hoskins,26,160,705,570,86,129,33,5,29,85,2,2,116,173,.226,.364,.454,.819,110,259,10,11,0,6,6
3,2B,Cesar Hernandez,29,161,667,612,77,171,31,3,14,71,9,2,45,100,.279,.333,.408,.741,91,250,9,6,0,4,4
4,SS,Jean Segura,29,144,618,576,79,161,37,4,12,60,10,2,30,73,.280,.323,.420,.743,90,242,11,8,1,3,1
5,3B,Maikel Franco,26,123,428,389,48,91,17,0,17,56,0,0,36,61,.234,.297,.409,.705,80,159,14,0,0,3,19
6,LF,Andrew McCutchen,32,59,262,219,45,56,12,1,10,29,2,1,43,55,.256,.378,.457,.834,115,100,1,0,0,0,0
7,CF,Scott Kingery,25,126,500,458,64,118,34,4,19,55,15,4,34,147,.258,.315,.474,.788,100,217,3,5,1,2,1
8,RF,Bryce Harper,26,157,682,573,98,149,36,1,35,114,15,3,99,178,.260,.372,.510,.882,125,292,10,6,0,4,11
9,OF,Adam Haseley,23,67,242,222,30,59,14,0,5,26,4,0,14,60,.266,.324,.396,.720,85,88,7,5,1,0,1
10,C,Andrew Knapp,27,74,160,136,12,29,9,0,2,8,0,0,18,51,.213,.318,.324,.642,68,44,2,3,3,0,2
11,LF,Jay Bruce,32,51,149,145,16,32,6,0,12,31,0,0,3,29,.221,.235,.510,.745,84,74,4,0,0,1,0
12,UT,Sean Rodriguez,34,76,139,112,24,25,5,0,4,12,1,1,19,41,.223,.348,.375,.723,88,42,2,3,4,1,0
13,CF,Odubel Herrera,27,39,139,126,12,28,10,1,1,16,2,2,11,33,.222,.288,.341,.629,62,43,0,1,0,1,0
14,LF,Corey Dickerson,30,34,137,133,13,39,10,2,8,34,0,0,3,33,.293,.307,.579,.886,121,77,1,0,0,1,0
15,UT,Brad Miller,29,66,130,118,22,31,3,1,12,21,1,0,11,35,.263,.331,.610,.941,135,72,2,1,0,0,0
16,CF,Roman Quinn,26,44,122,108,18,23,3,1,4,11,8,0,12,34,.213,.298,.370,.668,72,40,2,1,1,0,0
17,LF,Nick Williams,25,67,112,106,9,16,4,0,2,5,0,0,4,43,.151,.196,.245,.442,14,26,1,2,0,0,0
18,UT,Phil Gosselin,30,44,68,65,5,17,3,0,0,7,0,0,3,16,.262,.294,.308,.602,57,20,1,0,0,0,0
19,1B,Logan Morrison,31,29,38,35,5,7,1,0,2,3,0,0,3,10,.200,.263,.400,.663,68,14,1,0,0,0,0
20,OF,Aaron Altherr,28,22,30,29,2,1,1,0,0,1,0,0,1,9,.034,.067,.069,.136,-65,2,1,0,0,0,0
21,OF,Jose Pirela,29,12,19,17,1,4,1,0,1,2,0,0,2,4,.235,.316,.471,.786,99,8,0,0,0,0,0
22,C,Deivy Grullon,23,4,9,9,0,1,1,0,0,1,0,0,0,2,.111,.111,.222,.333,-17,2,1,0,0,0,0

PIT
1,C,Elias Diaz,28,101,332,303,31,73,14,0,2,28,0,0,23,56,.241,.296,.307,.603,61,93,11,2,1,3,0
2,1B,Josh Bell,26,143,613,527,94,146,37,3,37,116,0,1,74,118,.277,.367,.569,.936,143,300,11,5,0,7,13
3,2B,Adam Frazier,27,152,608,554,80,154,33,7,10,50,5,5,40,75,.278,.336,.417,.753,99,231,6,9,4,1,4
4,SS,Kevin Newman,25,130,531,493,61,152,20,6,12,64,16,8,28,62,.308,.353,.446,.800,111,220,5,7,2,1,2
5,3B,Colin Moran,26,149,503,466,46,129,30,1,13,80,0,1,30,117,.277,.322,.429,.751,97,200,13,3,0,4,4
6,LF,Bryan Reynolds,24,134,546,491,83,154,37,4,16,68,3,2,46,121,.314,.377,.503,.880,131,247,9,6,0,3,0
7,CF,Starling Marte,30,132,586,539,97,159,31,6,23,82,25,6,25,94,.295,.342,.503,.845,120,271,15,16,2,4,1
8,RF,Melky Cabrera,34,133,397,378,43,106,22,1,7,47,2,0,17,41,.280,.313,.399,.713,88,151,14,1,1,0,3
9,UT,Jose Osuna,26,95,285,261,41,69,20,0,10,36,0,0,18,48,.264,.310,.456,.766,99,119,6,1,0,4,0
10,C,Jacob Stallings,29,71,210,191,26,50,5,0,6,13,0,0,16,40,.262,.325,.382,.708,87,73,3,2,1,0,5
12,RF,Gregory Polanco,27,42,167,153,23,37,8,1,6,17,3,1,12,49,.242,.301,.425,.726,90,65,4,1,0,0,1
13,SS,Cole Tucker,22,56,159,147,16,31,10,3,2,13,0,0,10,40,.211,.266,.361,.626,64,53,2,1,1,0,1
14,UT,Pablo Reyes,25,71,157,143,18,29,7,2,2,19,1,1,13,36,.203,.274,.322,.596,58,46,0,1,0,0,0
15,SS,Erik Gonzalez,27,53,156,142,15,36,4,1,1,6,4,1,9,37,.254,.301,.317,.618,65,45,5,1,3,1,3
16,LF,Corey Dickerson,30,44,142,127,20,40,18,0,4,25,1,0,13,23,.315,.373,.551,.924,141,70,3,0,0,2,4
17,C,Francisco Cervelli,33,34,123,109,11,21,3,0,1,5,1,0,9,31,.193,.279,.248,.526,42,27,4,4,1,0,0
18,OF,JB Shuck,32,27,57,47,4,10,0,1,0,2,1,1,8,10,.213,.339,.255,.595,63,12,0,1,1,0,0
19,UT,Kevin Kramer,25,22,50,42,5,7,1,0,0,5,0,1,6,17,.167,.260,.190,.450,23,8,0,0,0,2,0
20,UT,Jake Elmore,32,20,49,47,3,10,1,0,0,4,0,1,2,8,.213,.245,.234,.479,29,11,0,0,0,0,0
21,OF,Jason Martin,23,20,40,36,5,9,2,0,0,2,2,0,4,10,.250,.325,.306,.631,70,11,0,0,0,0,0
22,UT,Corban Joseph,30,9,11,11,1,2,1,0,0,0,0,0,0,1,.182,.182,.273,.455,18,3,0,0,0,0,0
23,C,Steven Baron,28,7,10,10,0,2,1,0,0,1,0,0,0,6,.200,.200,.300,.500,30,3,0,0,0,0,0

SDP
1,C,Austin Hedges,26,102,347,312,28,55,9,0,11,36,1,0,27,109,.176,.252,.311,.563,49,97,3,5,2,1,3
2,1B,Eric Hosmer,29,160,667,619,72,164,29,2,22,99,0,3,40,163,.265,.310,.425,.735,93,263,12,3,0,5,3
3,2B,Ian Kinsler,37,87,281,258,28,56,12,0,9,22,2,4,19,54,.217,.278,.368,.646,70,95,5,3,0,1,0
5,3B,Manny Machado,26,156,661,587,81,150,21,2,32,85,5,3,65,128,.256,.334,.462,.796,109,271,24,6,0,3,3
6,LF,Wil Myers,28,155,490,435,58,104,22,1,18,53,16,7,51,168,.239,.321,.418,.739,95,182,12,2,1,1,0
7,CF,Manuel Margot,24,151,441,398,59,93,19,3,12,37,20,4,38,88,.234,.304,.387,.691,83,154,6,2,3,0,1
8,RF,Franmil Reyes,23,99,354,321,43,82,9,0,27,46,0,0,29,93,.255,.314,.536,.849,120,172,12,0,0,4,1
9,OF,Hunter Renfroe,27,140,494,440,64,95,19,1,33,64,5,0,46,154,.216,.289,.489,.778,102,215,6,2,0,6,1
10,2B,Greg Garcia,29,134,372,311,52,77,13,4,4,31,0,2,53,83,.248,.364,.354,.718,94,110,4,5,1,2,1
11,OF,Josh Naylor,22,94,279,253,29,63,15,0,8,32,1,1,25,64,.249,.315,.403,.719,90,102,4,0,0,1,1
12,MI,Luis Urias,22,71,249,215,27,48,8,1,4,24,0,1,25,56,.223,.329,.326,.655,76,70,8,9,0,0,0
13,C,Francisco Mejia,23,79,244,226,27,60,11,2,8,22,1,1,13,56,.265,.316,.438,.754,98,99,6,4,0,1,1
14,IF,Ty France,24,69,201,184,20,43,8,1,7,24,0,2,9,49,.234,.294,.402,.696,83,74,8,7,0,1,0
15,LF,Nick Martini,29,26,96,82,7,20,4,1,0,5,0,0,12,21,.244,.344,.317,.661,79,26,0,1,0,1,0
16,C,Austin Allen,25,34,71,65,4,14,4,0,0,3,0,0,6,21,.215,.282,.277,.559,51,18,2,0,0,0,3
18,OF,Travis Jankowski,28,25,24,22,4,4,0,0,0,0,2,2,2,4,.182,.250,.182,.432,19,4,0,0,0,0,0
19,OF,Franchy Cordero,24,9,20,15,2,5,1,0,0,1,1,0,4,7,.333,.450,.400,.850,131,6,0,0,0,1,0
20,LF,Alex Dickerson,29,12,19,19,1,3,0,0,0,2,0,0,0,7,.158,.158,.158,.316,-15,3,0,0,0,0,0
21,C,Luis Torrens,23,7,16,14,2,3,1,0,0,0,0,0,2,6,.214,.313,.286,.598,62,4,1,0,0,0,0
22,LF,Jose Pirela,29,2,5,5,0,0,0,0,0,0,0,0,0,3,.000,.000,.000,.000,-100,0,1,0,0,0,0

SFG
1,C,Austin Hedges,26,102,347,312,28,55,9,0,11,36,1,0,27,109,.176,.252,.311,.563,49,97,3,5,2,1,3
2,1B,Eric Hosmer,29,160,667,619,72,164,29,2,22,99,0,3,40,163,.265,.310,.425,.735,93,263,12,3,0,5,3
3,2B,Ian Kinsler,37,87,281,258,28,56,12,0,9,22,2,4,19,54,.217,.278,.368,.646,70,95,5,3,0,1,0
5,3B,Manny Machado,26,156,661,587,81,150,21,2,32,85,5,3,65,128,.256,.334,.462,.796,109,271,24,6,0,3,3
6,LF,Wil Myers,28,155,490,435,58,104,22,1,18,53,16,7,51,168,.239,.321,.418,.739,95,182,12,2,1,1,0
7,CF,Manuel Margot,24,151,441,398,59,93,19,3,12,37,20,4,38,88,.234,.304,.387,.691,83,154,6,2,3,0,1
8,RF,Franmil Reyes,23,99,354,321,43,82,9,0,27,46,0,0,29,93,.255,.314,.536,.849,120,172,12,0,0,4,1
9,OF,Hunter Renfroe,27,140,494,440,64,95,19,1,33,64,5,0,46,154,.216,.289,.489,.778,102,215,6,2,0,6,1
10,2B,Greg Garcia,29,134,372,311,52,77,13,4,4,31,0,2,53,83,.248,.364,.354,.718,94,110,4,5,1,2,1
11,OF,Josh Naylor,22,94,279,253,29,63,15,0,8,32,1,1,25,64,.249,.315,.403,.719,90,102,4,0,0,1,1
12,MI,Luis Urias,22,71,249,215,27,48,8,1,4,24,0,1,25,56,.223,.329,.326,.655,76,70,8,9,0,0,0
13,C,Francisco Mejia,23,79,244,226,27,60,11,2,8,22,1,1,13,56,.265,.316,.438,.754,98,99,6,4,0,1,1
14,IF,Ty France,24,69,201,184,20,43,8,1,7,24,0,2,9,49,.234,.294,.402,.696,83,74,8,7,0,1,0
15,LF,Nick Martini,29,26,96,82,7,20,4,1,0,5,0,0,12,21,.244,.344,.317,.661,79,26,0,1,0,1,0
16,C,Austin Allen,25,34,71,65,4,14,4,0,0,3,0,0,6,21,.215,.282,.277,.559,51,18,2,0,0,0,3
18,OF,Travis Jankowski,28,25,24,22,4,4,0,0,0,0,2,2,2,4,.182,.250,.182,.432,19,4,0,0,0,0,0
19,OF,Franchy Cordero,24,9,20,15,2,5,1,0,0,1,1,0,4,7,.333,.450,.400,.850,131,6,0,0,0,1,0
20,LF,Alex Dickerson,29,12,19,19,1,3,0,0,0,2,0,0,0,7,.158,.158,.158,.316,-15,3,0,0,0,0,0
21,C,Luis Torrens,23,7,16,14,2,3,1,0,0,0,0,0,2,6,.214,.313,.286,.598,62,4,1,0,0,0,0
22,LF,Jose Pirela,29,2,5,5,0,0,0,0,0,0,0,0,0,3,.000,.000,.000,.000,-100,0,1,0,0,0,0

STL
1,C,Yadier Molina,36,113,452,419,45,113,24,0,10,57,6,0,23,58,.270,.312,.399,.711,85,167,14,5,0,5,0
2,1B,Paul Goldschmidt,31,161,682,597,97,155,25,1,34,97,3,1,78,166,.260,.346,.476,.821,113,284,11,2,0,3,2
3,2B,Kolten Wong,28,148,549,478,61,136,25,4,11,59,24,4,47,83,.285,.361,.423,.784,106,202,2,13,6,5,5
4,SS,Paul DeJong,25,159,664,583,97,136,31,1,30,78,9,5,62,149,.233,.318,.444,.762,97,259,15,13,0,6,1
5,3B,Matt Carpenter,33,129,492,416,59,94,20,2,15,46,6,1,63,129,.226,.334,.392,.726,91,163,3,7,1,5,0
6,LF,Marcell Ozuna,28,130,549,485,80,117,23,1,29,89,12,2,62,114,.241,.328,.472,.800,107,229,21,1,0,1,2
7,CF,Harrison Bader,25,128,406,347,54,71,14,3,12,39,11,3,46,117,.205,.314,.366,.680,78,127,3,10,1,2,4
8,RF,Dexter Fowler,33,150,574,487,69,116,24,1,19,67,8,5,74,142,.238,.346,.409,.754,98,199,6,8,1,4,1
9,RF,Jose Martinez,30,128,373,334,45,90,13,2,10,42,3,0,35,82,.269,.340,.410,.751,97,137,14,2,0,2,0
10,IF,Tommy Edman,24,92,349,326,59,99,17,7,11,36,15,1,16,61,.304,.350,.500,.850,120,163,3,7,0,0,0
11,C,Matt Wieters,33,67,183,168,15,36,4,0,11,27,1,1,12,47,.214,.268,.435,.702,80,73,3,1,0,2,0
12,UT,Yairo Munoz,24,88,181,172,20,46,7,1,2,13,8,3,7,37,.267,.298,.355,.653,71,61,5,1,0,1,0
14,IF,Jedd Gyorko,30,38,62,56,5,11,0,0,2,7,2,0,6,14,.196,.274,.304,.578,52,17,1,0,0,0,0
15,C,Andrew Knizner,24,18,58,53,7,12,2,0,2,7,2,0,4,14,.226,.293,.377,.670,75,20,3,1,0,0,0
16,OF,Lane Thomas,23,34,44,38,6,12,0,1,4,12,1,1,4,8,.316,.409,.684,1.093,180,26,1,2,0,0,0
17,1B,Rangel Ravelo,27,29,43,39,4,8,2,0,2,7,0,0,3,12,.205,.256,.410,.666,71,16,1,0,0,1,0
18,OF,Randy Arozarena,24,19,23,20,4,6,1,0,1,2,2,1,2,4,.300,.391,.500,.891,133,10,0,1,0,0,0
19,2B,Edmundo Sosa,23,8,10,8,2,2,0,0,0,0,1,0,1,2,.250,.400,.250,.650,78,2,0,1,0,0,0
20,OF,Drew Robinson,27,5,7,7,1,1,0,0,0,0,0,0,0,3,.143,.143,.143,.286,-24,1,0,0,0,0,0

WSN
1,C,Yan Gomes,31,97,358,314,36,70,16,0,12,43,2,0,38,84,.223,.316,.389,.704,78,122,7,5,0,1,6
2,1B,Matt Adams,30,111,333,310,42,70,14,0,20,56,0,0,20,115,.226,.276,.465,.741,83,144,7,2,0,1,1
3,2B,Brian Dozier,32,135,482,416,54,99,20,0,20,50,3,4,61,105,.238,.340,.430,.771,95,179,11,4,0,1,2
4,SS,Trea Turner,26,122,569,521,96,155,37,5,19,57,35,5,43,113,.298,.353,.497,.850,113,259,10,3,0,2,2
5,3B,Anthony Rendon,29,146,646,545,117,174,44,3,34,126,5,1,80,86,.319,.412,.598,1.010,153,326,13,12,0,9,8
6,LF,Juan Soto,20,150,659,542,110,153,32,5,34,110,12,1,108,132,.282,.401,.548,.949,138,297,11,3,0,6,3
7,CF,Victor Robles,22,155,617,546,86,139,33,3,17,65,28,9,35,140,.255,.326,.419,.745,88,229,6,25,6,5,3
8,RF,Adam Eaton,30,151,656,566,103,158,25,7,15,49,15,3,65,106,.279,.365,.428,.792,101,242,8,13,9,3,0
9,IF,Howie Kendrick,35,121,370,334,61,115,23,1,17,62,2,1,27,49,.344,.395,.572,.966,142,191,11,4,0,5,1
10,C,Kurt Suzuki,35,85,309,280,37,74,11,0,17,63,0,1,20,36,.264,.324,.486,.809,102,136,10,6,0,3,1
11,UT,Gerardo Parra,32,89,204,188,30,47,11,1,8,42,6,2,11,41,.250,.300,.447,.747,87,84,7,3,1,1,1
12,1B,Ryan Zimmerman,34,52,190,171,20,44,9,0,6,27,0,0,17,39,.257,.321,.415,.736,86,71,4,0,0,2,0
13,2B,Asdrubal Cabrera,33,38,146,124,24,40,10,1,6,40,0,0,19,18,.323,.404,.565,.969,143,70,3,0,0,3,1
14,SS,Wilmer Difo,27,43,144,131,15,33,2,0,2,8,0,1,12,29,.252,.315,.313,.628,61,41,2,0,1,0,3
16,SS,Carter Kieboom,21,11,43,39,4,5,0,0,2,2,0,0,4,16,.128,.209,.282,.491,24,11,0,0,0,0,1
17,LF,Andrew Stevenson,25,30,37,30,4,11,1,1,0,0,0,1,6,11,.367,.486,.467,.953,146,14,1,1,0,0,0
18,UT,Adrian Sanchez,28,28,32,31,3,7,0,0,0,1,0,0,1,10,.226,.250,.226,.476,23,7,0,0,0,0,0
19,CI,Jake Noll,25,8,13,12,1,2,1,0,0,2,0,0,1,4,.167,.231,.250,.481,23,3,0,0,0,0,0
20,C,Raudy Read,25,6,11,11,0,1,0,0,0,0,0,0,0,5,.091,.091,.091,.182,-53,1,1,0,0,0,0
21,C,Tres Barrera,24,2,2,2,0,0,0,0,0,0,0,0,0,0,.000,.000,.000,.000,-100,0,0,0,0,0,0

BAL
1,C,Pedro Severino,25,96,341,305,37,76,13,0,13,44,3,1,29,73,.249,.321,.420,.740,95,128,5,4,1,2,0
2,1B,Chris Davis,33,105,352,307,26,55,9,0,12,36,0,0,39,139,.179,.276,.326,.601,60,100,6,3,0,3,1
3,2B,Jonathan Villar,28,162,714,642,111,176,33,5,24,73,40,9,61,176,.274,.339,.453,.792,109,291,8,4,2,4,0
4,SS,Richie Martin,24,120,309,283,29,59,8,3,6,23,10,1,14,83,.208,.260,.322,.581,54,91,6,6,5,1,0
5,3B,Rio Ruiz,25,127,413,370,35,86,13,2,12,46,0,1,40,88,.232,.306,.376,.682,81,139,12,0,1,2,0
7,CF,Stevie Wilkerson,27,117,361,329,41,74,18,2,10,35,3,3,22,108,.225,.286,.383,.669,76,126,5,7,1,2,0
8,RF,Trey Mancini,27,154,679,602,106,175,38,2,35,97,1,0,63,143,.291,.364,.535,.899,135,322,22,9,0,5,3
9,DH,Renato Nunez,25,151,599,541,72,132,24,0,31,90,1,1,44,143,.244,.311,.460,.771,101,249,9,10,0,4,1
10,IF,Hanser Alberto,26,139,550,524,62,160,21,2,12,51,4,4,16,50,.305,.329,.422,.751,98,221,9,4,3,3,1
11,OF,Anthony Santander,24,93,405,380,46,99,20,1,20,59,1,2,19,86,.261,.297,.476,.773,101,181,1,2,1,3,0
12,C,Chance Sisco,24,59,198,167,29,35,7,0,8,20,0,1,22,61,.210,.333,.395,.729,94,66,5,9,0,0,0
13,RF,DJ Stewart,25,44,142,126,15,30,6,0,4,15,1,2,14,26,.238,.317,.381,.698,85,48,3,1,0,1,1
14,OF,Joey Rickard,28,42,135,118,10,24,7,2,2,6,3,2,14,33,.203,.304,.347,.651,74,41,0,3,0,0,1
15,CF,Keon Broxton,29,37,112,103,14,21,3,0,4,9,4,1,8,49,.204,.261,.350,.611,61,36,4,0,1,0,0
16,UT,Jace Peterson,29,29,108,100,14,22,3,1,2,11,4,1,6,24,.220,.269,.330,.599,59,33,1,1,0,1,0
17,CF,Austin Hays,23,21,75,68,12,21,6,0,4,13,2,0,7,13,.309,.373,.574,.947,147,39,0,0,0,0,0
18,CF,Cedric Mullins,24,22,74,64,7,6,0,2,0,4,1,0,4,14,.094,.181,.156,.337,-8,10,2,3,2,1,0
19,C,Austin Wynns,28,28,74,70,8,15,1,0,1,5,0,0,3,14,.214,.247,.271,.518,39,19,2,0,1,0,0
20,C,Jesus Sucre,31,20,67,62,3,13,2,0,0,3,0,0,4,13,.210,.269,.242,.511,39,15,1,1,0,0,0
21,OF,Mason Williams,27,11,34,30,4,8,1,0,0,2,1,0,3,6,.267,.324,.300,.624,69,9,0,0,0,1,0
22,DH,Mark Trumbo,33,12,31,29,1,5,3,0,0,3,0,0,2,5,.172,.226,.276,.502,33,8,2,0,0,0,0
23,OF,Drew Jackson,25,3,4,3,0,0,0,0,0,0,0,0,1,1,.000,.250,.000,.250,-22,0,0,0,0,0,0
24,3B,Jose Rondon,25,1,1,1,0,0,0,0,0,0,0,0,0,0,.000,.000,.000,.000,-100,0,0,0,0,0,

BOS
1,C,Christian Vazquez,28,138,521,482,66,133,26,1,23,72,4,2,33,101,.276,.320,.477,.798,103,230,17,0,3,3,3
2,1B,Mitch Moreland,33,91,335,298,48,75,17,1,19,58,1,0,34,74,.252,.328,.507,.835,112,151,12,1,0,2,0
3,2B,Brock Holt,31,87,295,259,38,77,14,2,3,31,1,0,28,57,.297,.369,.402,.771,101,104,4,4,0,4,1
4,SS,Xander Bogaerts,26,155,698,614,110,190,52,0,33,117,4,2,76,122,.309,.384,.555,.939,140,341,11,2,0,6,2
5,3B,Rafael Devers,22,156,702,647,129,201,54,4,32,115,8,8,48,119,.311,.361,.555,.916,133,359,8,4,1,2,7
6,LF,Andrew Benintendi,24,138,615,541,72,144,40,5,13,68,10,3,59,140,.266,.343,.431,.774,100,233,6,7,3,5,1
8,RF,Mookie Betts,26,150,706,597,135,176,40,5,29,80,16,3,97,101,.295,.391,.524,.915,135,313,11,3,0,9,6
9,DH,J.D. Martinez,31,146,657,575,98,175,33,2,36,105,2,0,72,138,.304,.383,.557,.939,140,320,19,4,0,5,9
10,IF,Michael Chavis,23,95,382,347,46,88,10,1,18,58,2,1,31,127,.254,.322,.444,.766,96,154,11,4,0,0,2
11,C,Sandy Leon,30,65,191,172,14,33,3,0,5,19,0,0,13,47,.192,.251,.297,.548,42,51,0,1,4,1,0
12,2B,Eduardo Nunez,32,60,174,167,13,38,7,0,2,20,5,1,4,27,.228,.243,.305,.548,42,51,6,0,1,2,0
13,UT,Sam Travis,25,59,157,144,17,31,4,1,6,16,2,0,11,36,.215,.274,.382,.656,68,55,6,1,0,1,2
14,2B,Marco Hernandez,26,61,155,148,18,37,7,0,2,11,1,2,3,42,.250,.279,.338,.617,60,50,1,3,1,0,0
15,1B,Steve Pearce,36,29,99,89,9,16,4,0,1,9,0,0,7,31,.180,.245,.258,.503,32,23,5,1,0,1,0
16,OF,Gorkys Hernandez,31,20,57,49,5,7,1,2,0,2,1,0,5,14,.143,.218,.245,.463,21,12,0,0,2,1,0
17,MI,Chris Owings,27,26,51,45,4,7,2,0,1,5,1,1,6,23,.156,.255,.267,.522,37,12,1,0,0,0,0
18,UT,Blake Swihart,27,12,29,26,4,6,1,0,1,4,0,0,2,7,.231,.310,.385,.695,80,10,0,1,0,0,0
20,2B,Dustin Pedroia,35,6,21,20,1,2,0,0,0,1,0,0,1,2,.100,.143,.100,.243,-34,2,2,0,0,0,0
21,C,Juan Centeno,29,7,18,15,0,2,0,0,0,2,1,0,2,2,.133,.278,.133,.411,14,2,0,1,0,0,0

CWS
1,C,James McCann,29,118,476,439,62,120,26,1,18,60,4,1,30,137,.273,.328,.460,.789,109,202,10,6,1,0,1
2,1B,José Abreu,32,159,693,634,85,180,38,1,33,123,2,2,36,152,.284,.330,.503,.834,119,319,24,13,0,10,4
3,2B,Yolmer Sanchez,27,149,555,496,59,125,20,4,2,43,5,4,44,117,.252,.318,.321,.638,73,159,7,5,7,3,1
4,SS,Tim Anderson,26,123,518,498,81,167,32,0,18,56,17,5,15,109,.335,.357,.508,.865,129,253,12,3,0,2,0
5,3B,Yoan Moncada,24,132,559,511,83,161,34,5,25,79,10,3,40,154,.315,.367,.548,.915,141,280,1,4,1,3,2
6,LF,Eloy Jimenez,22,122,504,468,69,125,18,2,31,79,0,0,30,134,.267,.315,.513,.828,117,240,11,4,0,2,0
7,CF,Adam Engel,27,89,248,227,26,55,10,2,6,26,3,3,14,78,.242,.304,.383,.687,83,87,5,6,1,0,0
8,RF,Ryan Cordell,27,97,247,217,22,48,8,0,7,24,3,1,19,69,.221,.290,.355,.645,73,77,2,3,6,2,0
9,DH,Yonder Alonso,32,67,251,219,23,39,6,0,7,27,0,1,29,53,.178,.275,.301,.576,56,66,8,1,0,2,2
10,UT,Leury Garcia,28,140,618,577,93,161,27,3,8,40,15,5,21,139,.279,.310,.378,.688,84,218,6,6,11,3,0
11,C,Welington Castillo,32,72,251,230,19,48,12,0,12,41,0,0,16,74,.209,.267,.417,.684,80,96,8,3,0,2,0
12,RF,Jon Jay,34,47,182,165,12,44,8,0,0,9,0,0,8,30,.267,.311,.315,.626,70,52,1,3,5,1,0
13,3B,Ryan Goins,31,52,163,144,13,36,6,1,2,10,0,1,17,44,.250,.333,.347,.681,84,50,7,1,1,0,1
14,RF,Charlie Tilson,26,54,157,144,16,33,5,0,1,12,4,0,10,38,.229,.293,.285,.578,57,41,1,3,0,0,1
15,IF,Jose Rondon,25,55,156,142,10,28,3,0,3,9,0,0,11,38,.197,.265,.282,.546,48,40,4,2,1,0,0
16,DH,Zack Collins,24,27,102,86,10,16,3,1,3,12,0,0,14,39,.186,.307,.349,.656,76,30,1,1,0,0,1
17,RF,Daniel Palka,27,30,93,84,4,9,0,0,2,4,0,1,8,35,.107,.194,.179,.372,2,15,3,1,0,0,0
18,DH,Matt Skole,29,27,80,72,7,15,2,0,0,6,0,0,7,31,.208,.275,.236,.511,41,17,0,0,0,1,0
19,LF,Nicky Delmonico,26,21,68,63,6,13,2,0,1,6,0,1,4,25,.206,.265,.286,.550,49,18,1,1,0,0,0
20,DH,AJ Reed,26,14,49,44,1,6,0,0,1,4,0,0,4,21,.136,.204,.205,.409,11,9,1,0,0,1,0
21,IF,Danny Mendick,25,16,40,39,6,12,0,0,2,4,0,0,1,11,.308,.325,.462,.787,108,18,1,0,0,0,0
22,C,Seby Zavala,25,5,12,12,1,1,0,0,0,0,0,0,0,9,.083,.083,.083,.167,-55,1,0,0,0,0,0

CLE
1,C,Roberto Perez,30,119,449,389,46,93,9,1,24,63,0,0,45,127,.239,.321,.452,.774,99,176,12,4,7,4,1
2,1B,Carlos Santana,33,158,686,573,110,161,30,1,34,93,4,0,108,108,.281,.397,.515,.911,136,295,13,3,0,2,12
3,2B,Jason Kipnis,32,121,511,458,52,112,23,1,17,65,7,2,40,88,.245,.304,.410,.715,84,188,7,2,5,6,2
4,SS,Francisco Lindor,25,143,654,598,101,170,40,2,32,74,22,5,46,98,.284,.335,.518,.854,118,310,13,3,1,6,9
5,3B,Jose Ramirez,26,129,542,482,68,123,33,3,23,83,24,4,52,74,.255,.327,.479,.806,106,231,8,2,0,6,3
6,LF,Jake Bauers,23,117,423,372,46,84,16,1,12,43,3,3,45,115,.226,.312,.371,.683,78,138,3,3,0,3,0
7,CF,Oscar Mercado,24,115,482,438,70,118,25,3,15,54,15,4,28,84,.269,.318,.443,.761,96,194,9,5,7,4,0
8,RF,Tyler Naquin,28,89,294,274,34,79,19,0,10,34,4,2,14,66,.288,.325,.467,.792,103,128,8,2,2,2,2
9,DH,Franmil Reyes,23,51,194,173,26,41,10,0,10,35,0,0,18,63,.237,.304,.468,.772,97,81,3,0,0,3,0
10,CF,Leonys Martín,31,65,264,236,32,47,7,0,9,19,4,5,21,78,.199,.276,.343,.619,61,81,1,4,3,0,0
11,OF,Jordan Luplow,25,85,261,225,42,62,15,1,15,38,3,2,33,61,.276,.372,.551,.923,136,124,7,2,0,1,0
12,LF,Greg Allen,26,89,256,231,30,53,9,3,4,27,8,2,11,53,.229,.290,.346,.636,66,80,3,9,4,1,1
13,2B,Mike Freeman,31,75,213,177,27,49,8,0,4,24,1,2,22,61,.277,.362,.390,.752,97,69,2,4,6,4,0
14,RF,Yasiel Puig,28,49,207,182,25,54,15,1,2,23,5,2,21,44,.297,.377,.423,.800,109,77,4,3,0,1,0
15,C,Kevin Plawecki,28,59,174,158,13,35,10,0,3,17,0,1,12,31,.222,.287,.342,.629,64,54,4,3,0,1,0
16,LF,Carlos Gonzalez,33,30,117,105,13,22,1,0,2,7,0,1,10,33,.210,.282,.276,.558,48,29,2,1,0,1,0
17,3B,Yu Chang,23,28,84,73,8,13,2,1,1,6,0,0,11,22,.178,.286,.274,.560,48,20,4,0,0,0,0
18,DH,Hanley Ramirez,35,16,57,49,4,9,1,0,2,8,0,0,8,17,.184,.298,.327,.625,64,16,2,0,0,0,0
19,DH,Bobby Bradley,23,15,49,45,4,8,5,0,1,4,0,0,4,20,.178,.245,.356,.600,54,16,2,0,0,0,0
20,SS,Eric Stamets,27,15,48,41,4,2,1,0,0,2,0,0,5,24,.049,.149,.073,.222,-38,3,2,0,1,1,0
21,2B,Brad Miller,29,13,40,36,4,9,3,0,1,4,1,0,4,10,.250,.325,.417,.742,92,15,0,0,0,0,0
22,IF,Max Moroff,26,20,35,32,3,4,1,0,1,4,1,0,2,16,.125,.176,.250,.426,10,8,0,0,1,0,0
23,IF,Ryan Flaherty,32,14,22,21,4,3,2,0,0,1,0,0,0,7,.143,.143,.238,.381,-3,5,1,0,1,0,0
24,C,Eric Haase,26,10,17,16,1,1,0,0,1,3,0,0,1,8,.063,.118,.250,.368,-8,4,0,0,0,0,0
25,OF,Bradley Zimmer,26,9,14,13,1,0,0,0,0,0,0,0,1,7,.000,.071,.000,.071,-78,0,0,0,0,0,0
26,UT,Andrew Velazquez,24,5,12,11,1,1,1,0,0,0,1,0,1,7,.091,.167,.182,.348,-9,2,0,0,0,0,0

DET
1,C,Grayson Greiner,26,58,224,208,18,42,5,1,5,19,0,0,13,70,.202,.251,.308,.559,46,64,5,1,1,1,0
2,1B,Brandon Dixon,27,117,420,391,41,97,20,4,15,52,5,1,21,136,.248,.290,.435,.725,87,170,5,4,0,4,0
3,2B,Gordon Beckham,32,83,240,223,29,48,13,2,6,15,3,1,13,68,.215,.271,.372,.643,67,83,6,4,0,0,0
4,SS,Jordy Mercer,32,74,271,256,24,69,16,0,9,22,0,0,13,57,.270,.310,.438,.747,94,112,4,2,0,0,1
5,3B,Dawel Lugo,24,77,288,273,28,67,11,4,6,26,0,0,8,59,.245,.271,.381,.652,69,104,8,3,0,4,1
6,LF,Christin Stewart,25,104,416,369,32,86,25,1,10,40,0,1,34,103,.233,.305,.388,.693,81,143,4,7,0,6,3
7,CF,JaCoby Jones,27,88,333,298,39,70,19,3,11,26,7,2,27,94,.235,.310,.430,.740,92,128,6,6,1,1,2
8,RF,Nicholas Castellanos,27,100,439,403,57,110,37,3,11,37,2,1,31,96,.273,.328,.462,.790,105,186,7,3,0,2,1
9,DH,Miguel Cabrera,36,136,549,493,41,139,21,0,12,59,0,0,48,108,.282,.346,.398,.744,96,196,18,3,0,5,4
10,UT,Niko Goodrum,27,112,472,423,61,105,27,5,12,45,12,3,46,138,.248,.322,.421,.743,94,178,7,1,0,2,1
11,CI,Jeimer Candelario,25,94,386,335,33,68,17,2,8,32,3,1,43,99,.203,.306,.337,.643,70,113,3,7,0,1,1
12,UT,Harold Castro,25,97,369,354,30,103,10,4,5,38,4,2,9,86,.291,.305,.384,.689,80,136,6,0,2,4,0
13,UT,John Hicks,29,95,333,319,29,67,15,0,13,35,1,1,13,109,.210,.240,.379,.620,59,121,7,0,0,1,0
14,MI,Ronny Rodriguez,27,84,294,276,29,61,12,3,14,43,3,1,13,82,.221,.252,.438,.690,76,121,5,0,0,5,0
15,OF,Victor Reyes,24,69,292,276,29,84,16,5,3,25,9,3,14,64,.304,.336,.431,.767,100,119,5,0,0,2,0
16,RF,Travis Demeritte,24,48,186,169,24,38,7,2,3,10,3,0,14,63,.225,.286,.343,.630,65,58,3,1,1,1,0
17,2B,Josh Harrison,31,36,147,137,10,24,7,1,1,8,4,2,6,27,.175,.218,.263,.480,26,36,0,2,0,2,0
18,C,Jake Rogers,24,35,128,112,11,14,3,0,4,8,0,0,13,51,.125,.222,.259,.481,27,29,3,1,2,0,0
19,SS,Willi Castro,22,30,110,100,10,23,6,1,1,8,0,1,6,34,.230,.284,.340,.624,64,34,4,2,1,1,0
20,OF,Dustin Peterson,24,17,47,44,3,10,4,0,0,6,1,0,2,14,.227,.277,.318,.595,57,14,1,1,0,0,0
21,C,Bobby Wilson,36,15,47,44,2,4,1,0,0,2,0,0,2,11,.091,.130,.114,.244,-34,5,1,0,1,0,0
22,CF,Mikie Mahtook,29,9,25,23,0,0,0,0,0,0,0,0,2,11,.000,.080,.000,.080,-75,0,0,0,0,0,0

HOU
1,C,Robinson Chirinos,35,114,437,366,57,87,22,1,17,58,1,2,51,125,.238,.347,.443,.790,105,162,11,13,2,5,1
2,1B,Yuli Gurriel,35,144,612,564,85,168,40,2,31,104,5,3,37,65,.298,.343,.541,.884,126,305,12,5,0,6,2
3,2B,Jose Altuve,29,124,548,500,89,149,27,3,31,74,6,5,41,82,.298,.353,.550,.903,131,275,19,3,1,3,0
4,SS,Carlos Correa,24,75,321,280,42,78,16,1,21,59,1,0,35,75,.279,.358,.568,.926,137,159,8,2,0,4,0
5,3B,Alex Bregman,25,156,690,554,122,164,37,2,41,112,5,1,119,83,.296,.423,.592,1.015,162,328,9,9,0,8,2
6,LF,Michael Brantley,32,148,637,575,88,179,40,2,22,90,3,2,51,66,.311,.372,.503,.875,126,289,21,7,0,4,3
7,CF,Jake Marisnick,28,120,318,292,46,68,16,3,10,34,10,3,17,95,.233,.289,.411,.700,80,120,6,6,3,0,0
8,RF,Josh Reddick,32,141,550,501,57,138,19,3,14,56,5,2,36,66,.275,.319,.409,.728,89,205,9,0,1,9,1
9,DH,Yordan Álvarez,22,87,369,313,58,98,26,0,27,78,0,0,52,94,.313,.412,.655,1.067,173,205,9,2,0,2,4
10,OF,George Springer,29,122,556,479,96,140,20,3,39,96,6,2,67,113,.292,.383,.591,.974,150,283,12,6,0,4,1
11,1B,Tyler White,28,71,253,218,16,49,14,0,3,21,0,0,32,74,.225,.320,.330,.650,72,72,7,0,0,3,0
12,IF,Aledmys Díaz,28,69,247,210,36,57,12,1,9,40,2,0,26,28,.271,.356,.467,.823,114,98,10,5,0,6,1
13,2B,Tony Kemp,27,66,186,163,23,37,6,2,7,17,4,3,16,29,.227,.308,.417,.725,88,68,2,4,1,2,1
14,SS,Myles Straw,24,56,128,108,27,29,4,2,0,7,8,1,19,24,.269,.378,.343,.721,92,37,2,0,1,0,0
15,C,Max Stassi,28,31,98,90,4,15,1,0,1,3,0,0,7,34,.167,.235,.211,.446,19,19,1,1,0,0,0
16,C,Martin Maldonado,32,27,98,84,20,17,4,0,6,10,0,0,13,26,.202,.316,.464,.781,101,39,2,1,0,0,0
17,3B,Abraham Toro,22,25,89,78,13,17,3,2,2,9,1,1,9,19,.218,.303,.385,.688,79,30,2,1,0,1,0
18,UT,Kyle Tucker,22,22,72,67,15,18,6,0,4,11,5,0,4,20,.269,.319,.537,.857,118,36,1,1,0,0,1
19,SS,Jack Mayfield,28,26,65,64,8,10,5,0,2,5,0,0,1,16,.156,.169,.328,.497,25,21,0,0,0,0,0
20,OF,Derek Fisher,25,17,60,53,9,12,2,1,1,5,4,1,7,14,.226,.317,.358,.675,77,19,0,0,0,0,0
21,UT,Garrett Stubbs,26,19,39,35,8,7,3,0,0,2,1,0,4,7,.200,.282,.286,.568,50,10,1,0,0,0,055,1.067,173,205,9,2,0,2,4

KCR
1,C,Martin Maldonado,32,74,263,238,26,54,15,0,6,17,0,0,17,55,.227,.291,.366,.657,72,87,9,5,2,1,0
3,2B,Whit Merrifield,30,162,735,681,105,206,41,10,16,74,20,10,45,126,.302,.348,.463,.811,112,315,8,5,0,4,5
4,SS,Adalberto Mondesi,23,102,443,415,58,109,20,10,9,62,43,7,19,132,.263,.291,.424,.715,86,176,6,0,3,6,0
5,3B,Hunter Dozier,27,139,586,523,75,146,29,10,26,84,2,2,55,148,.279,.348,.522,.870,125,273,9,3,0,5,2
6,LF,Alex Gordon,35,150,633,556,77,148,31,1,13,76,5,3,51,100,.266,.345,.396,.741,96,220,13,19,1,6,4
7,CF,Billy Hamilton,28,93,305,275,32,58,12,2,0,12,18,5,25,74,.211,.275,.269,.544,46,74,1,0,3,2,0
8,RF,Bubba Starling,26,56,197,186,26,40,7,0,4,12,2,0,9,56,.215,.255,.317,.572,50,59,4,1,1,0,0
9,DH,Jorge Soler,27,162,679,589,95,156,33,1,48,117,3,1,73,178,.265,.354,.569,.922,138,335,16,10,0,4,3
10,MI,Nicky Lopez,24,103,402,379,44,91,22,2,2,30,1,1,18,51,.240,.276,.325,.601,59,123,5,1,4,0,0
11,CI,Cheslor Cuthbert,26,87,330,309,24,76,14,0,9,40,1,0,19,67,.246,.294,.379,.673,76,117,14,2,0,0,1
12,C,Meibrys Viloria,22,42,148,133,7,28,7,0,1,15,0,1,10,44,.211,.259,.286,.544,44,38,4,0,1,4,0
13,UT,Chris Owings,27,40,145,135,9,18,4,1,2,9,4,1,8,55,.133,.193,.222,.415,10,30,1,2,0,0,0
14,C,Cam Gallagher,26,45,142,126,14,30,7,0,3,12,0,1,11,28,.238,.312,.365,.677,79,46,3,3,1,1,0
15,SS,Humberto Arteaga,25,41,135,122,11,24,4,0,0,4,1,1,8,28,.197,.258,.230,.487,31,28,2,2,3,0,0
16,1B,Lucas Duda,33,39,119,105,7,18,4,0,4,15,0,0,11,32,.171,.252,.324,.576,51,34,3,1,0,2,1
17,UT,Ryan McBroom,27,23,83,75,8,22,5,0,0,6,0,0,7,25,.293,.361,.360,.721,93,27,3,1,0,0,0
18,3B,Kelvin Gutierrez,24,20,79,73,4,19,2,1,1,11,1,0,5,24,.260,.304,.356,.660,74,26,2,0,0,1,0
19,CF,Brett Phillips,25,30,79,65,7,9,2,0,2,6,3,0,10,23,.138,.247,.262,.508,35,17,1,0,2,2,0
20,C,Nick Dini,25,20,64,56,11,11,3,0,2,6,0,0,4,18,.196,.270,.357,.627,64,20,1,2,1,1,0
21,OF,Terrance Gore,28,37,58,51,13,14,2,1,0,1,13,5,6,18,.275,.362,.353,.715,91,18,0,1,0,0,0
22,UT,Erick Mejia,24,9,27,22,3,5,1,0,0,4,0,0,4,7,.227,.333,.273,.606,64,6,1,0,0,1,0
23,OF,Jorge Bonifacio,26,5,21,20,3,7,3,0,0,3,0,0,1,7,.350,.381,.500,.881,130,10,0,0,0,0,0
24,1B,Frank Schwindel,27,6,15,15,0,1,0,0,0,0,0,0,0,2,.067,.067,.067,.133,-64,1,0,0,0,0,0

LAA
1,C,Jonathan Lucroy,33,74,268,240,28,58,8,1,7,30,0,0,21,39,.242,.310,.371,.681,82,89,15,4,0,3,0
2,1B,Albert Pujols,39,131,545,491,55,120,22,0,23,93,3,0,43,68,.244,.305,.430,.734,94,211,21,3,0,8,1
3,2B,Luis Rengifo,22,108,406,357,44,85,18,3,7,33,2,5,40,93,.238,.321,.364,.685,84,130,6,5,1,3,0
4,SS,Andrelton Simmons,29,103,424,398,47,105,19,0,7,40,10,2,24,37,.264,.309,.364,.673,80,145,21,2,0,0,1
5,3B,David Fletcher,25,154,653,596,83,173,30,4,6,49,8,3,55,64,.290,.350,.384,.734,97,229,8,0,1,1,2
6,LF,Brian Goodwin,28,136,458,413,65,108,29,3,17,47,7,3,38,129,.262,.326,.470,.796,109,194,3,3,1,3,2
7,CF,Mike Trout,27,134,600,470,110,137,27,2,45,104,11,2,110,120,.291,.438,.645,1.083,185,303,5,16,0,4,14
8,RF,Kole Calhoun,31,152,632,552,92,128,29,1,33,74,4,1,70,162,.232,.325,.467,.792,108,258,14,7,0,2,7
9,DH,Shohei Ohtani,24,106,425,384,51,110,20,5,18,62,12,3,33,110,.286,.343,.505,.848,123,194,6,2,0,4,1
11,LF,Justin Upton,31,63,256,219,34,47,8,0,12,40,1,1,32,78,.215,.309,.416,.724,92,91,5,0,0,5,0
12,C,Kevan Smith,31,67,211,191,21,48,12,0,5,20,2,0,16,37,.251,.318,.393,.710,89,75,8,3,0,1,0
13,1B,Justin Bour,31,52,170,151,18,26,5,0,8,26,0,0,17,52,.172,.259,.364,.623,64,55,7,1,0,1,0
14,3B,Matt Thaiss,24,53,164,147,17,31,7,0,8,23,0,0,17,52,.211,.293,.422,.714,88,62,4,0,0,0,0
15,3B,Zack Cozart,33,38,107,97,4,12,2,0,0,7,0,0,5,16,.124,.178,.144,.322,-12,14,2,2,0,3,0
16,SS,Wilfredo Tovar,27,31,88,83,5,16,5,0,0,5,0,0,5,15,.193,.239,.253,.492,32,21,0,0,0,0,0
17,1B,Jared Walsh,25,31,87,79,6,16,5,1,1,5,0,0,6,35,.203,.276,.329,.605,61,26,0,2,0,0,1
18,C,Dustin Garneau,31,28,82,69,11,16,3,0,2,7,0,0,8,18,.232,.346,.362,.708,91,25,1,4,0,0,0
19,C,Anthony Bemboom,29,22,51,49,2,5,0,0,1,3,0,0,1,19,.102,.120,.163,.283,-25,8,0,0,1,0,0
20,LF,Cesar Puello,28,12,50,41,6,16,3,0,3,12,0,0,3,8,.390,.500,.683,1.183,213,28,1,6,0,0,0
21,C,Max Stassi,28,20,49,42,3,3,0,0,0,2,0,0,5,15,.071,.163,.071,.235,-33,3,2,0,0,2,0
22,UT,Taylor Ward,25,20,48,42,4,8,3,0,1,2,0,0,6,23,.190,.292,.333,.625,67,14,1,0,0,0,0
23,OF,Michael Hermosillo,24,18,46,36,7,5,1,1,0,3,2,0,5,19,.139,.304,.222,.527,46,8,1,4,0,1,0
24,OF,Peter Bourjos,32,26,46,44,4,4,1,0,0,2,2,0,1,15,.091,.109,.114,.222,-40,5,1,0,0,1,0
25,IF,Kaleb Cowart,27,9,26,25,1,4,3,0,0,1,1,0,1,7,.160,.192,.280,.472,24,7,2,0,0,0,0
26,LF,Jarrett Parker,30,5,15,12,1,0,0,0,0,0,0,0,3,8,.000,.200,.000,.200,-38,0,0,0,0,0,0
27,2B,Kean Wong,24,1,4,4,1,0,0,0,0,0,0,0,0,1,.000,.000,.000,.000,-100,0,0,0,0,0,0

MIN
1,C,Mitch Garver,28,93,359,311,70,85,16,1,31,67,0,0,41,87,.273,.365,.630,.995,156,196,5,5,0,2,0
2,1B,C.J. Cron,29,125,499,458,51,116,24,0,25,78,0,0,29,107,.253,.311,.469,.780,103,215,13,10,0,2,3
3,2B,Jonathan Schoop,27,121,464,433,61,111,23,1,23,59,1,1,20,116,.256,.304,.473,.777,102,205,13,10,0,1,1
4,SS,Jorge Polanco,25,153,704,631,107,186,40,7,22,79,4,3,60,116,.295,.356,.485,.841,120,306,11,4,2,7,2
5,3B,Miguel Sano,26,105,439,380,76,94,19,2,34,79,0,1,55,159,.247,.346,.576,.923,138,219,5,3,0,1,0
6,LF,Eddie Rosario,27,137,590,562,91,155,28,1,32,109,3,1,22,86,.276,.300,.500,.800,106,281,10,0,0,6,2
7,CF,Byron Buxton,25,87,295,271,48,71,30,4,10,46,14,3,19,68,.262,.314,.513,.827,114,139,3,2,2,1,1
8,RF,Max Kepler,26,134,596,524,98,132,32,0,36,90,1,5,60,99,.252,.336,.519,.855,122,272,5,8,0,4,0
9,DH,Nelson Cruz,38,120,521,454,81,141,26,0,41,108,0,1,56,131,.311,.392,.639,1.031,166,290,14,7,0,3,8
10,UT,Marwin Gonzalez,30,114,463,425,52,112,19,0,15,55,1,0,31,98,.264,.322,.414,.736,94,176,7,6,0,1,2
11,UT,Luis Arraez,22,92,366,326,54,109,20,1,4,28,2,2,36,29,.334,.399,.439,.838,123,143,2,1,0,3,1
12,C,Jason Castro,32,79,275,237,39,55,9,0,13,30,0,0,33,88,.232,.332,.435,.767,101,103,0,3,1,1,0
13,IF,Ehire Adrianza,29,83,236,202,34,55,8,3,5,22,0,2,20,40,.272,.349,.416,.765,102,84,2,6,2,4,1
14,OF,Jake Cave,26,72,228,198,28,51,11,2,8,25,0,0,21,71,.258,.351,.455,.805,112,90,5,8,0,1,0
15,UT,Willians Astudillo,27,58,204,190,28,51,9,0,4,21,0,0,5,8,.268,.299,.379,.678,79,72,6,5,0,4,0
17,OF,Ryan LaMarre,30,14,26,23,3,5,0,0,2,3,1,1,3,5,.217,.308,.478,.786,104,11,0,0,0,0,0
18,IF,Ronald Torreyes,26,7,17,16,3,3,0,0,0,1,1,0,0,3,.188,.235,.188,.423,15,3,0,1,0,0,0
19,OF,Ian Miller,27,12,17,17,2,3,1,0,0,1,0,0,0,3,.176,.176,.235,.412,8,4,0,0,0,0,0
20,1B,Tyler Austin,27,2,5,4,1,1,1,0,0,0,0,0,1,3,.250,.400,.500,.900,137,2,0,0,0,0,0

NYY
1,C,Gary Sanchez,26,106,446,396,62,92,12,1,34,77,0,1,40,125,.232,.316,.525,.841,119,208,3,9,0,1,3
2,1B,Luke Voit,28,118,510,429,72,113,21,1,21,62,0,0,71,142,.263,.378,.464,.842,124,199,12,9,0,1,2
3,2B,DJ LeMahieu,30,145,655,602,109,197,33,2,26,102,5,2,46,90,.327,.375,.518,.893,136,312,14,2,1,4,0
4,SS,Didi Gregorius,29,82,344,324,47,77,14,2,16,61,2,1,17,53,.238,.276,.441,.718,87,143,5,1,0,2,1
5,3B,Gio Urshela,27,132,476,442,73,139,34,0,21,74,1,1,25,87,.314,.355,.534,.889,133,236,13,5,0,4,1
6,LF,Mike Tauchman,28,87,296,260,46,72,18,1,13,47,6,0,34,71,.277,.361,.504,.865,128,131,9,1,0,1,0
7,CF,Brett Gardner,35,141,550,491,86,123,26,7,28,74,10,2,52,108,.251,.325,.503,.829,117,247,6,4,0,3,0
8,RF,Aaron Judge,27,102,447,378,75,103,18,1,27,55,3,2,64,141,.272,.381,.540,.921,143,204,11,3,0,1,4
9,DH,Edwin Encarnacion,36,44,197,177,33,44,11,0,13,37,0,0,17,48,.249,.325,.531,.856,123,94,1,3,0,0,1
10,MI,Gleyber Torres,22,144,604,546,96,152,26,0,38,90,5,2,48,129,.278,.337,.535,.871,128,292,10,3,1,6,3
11,OF,Cameron Maybin,32,82,269,239,48,68,17,0,11,32,9,6,30,72,.285,.364,.494,.858,127,118,5,0,0,0,0
12,CF,Aaron Hicks,29,59,255,221,41,52,10,0,12,36,1,2,31,72,.235,.325,.443,.769,103,98,2,0,0,3,0
13,RF,Clint Frazier,24,69,246,225,31,60,14,0,12,38,1,2,16,70,.267,.317,.489,.806,111,110,2,2,0,3,1
14,C,Austin Romine,30,72,240,228,29,64,12,0,8,35,1,1,10,50,.281,.310,.439,.748,97,100,7,0,1,1,0
15,1B,Mike Ford,26,50,163,143,30,37,7,0,12,25,0,0,17,28,.259,.350,.559,.909,137,80,0,3,0,0,2
16,UT,Tyler Wade,24,43,108,94,16,23,3,1,2,11,7,0,11,28,.245,.330,.362,.692,86,34,0,1,2,0,0
17,DH,Kendrys Morales,36,19,75,62,7,11,1,0,1,5,0,0,12,6,.177,.320,.242,.562,55,15,3,1,0,0,0
18,OF,Giancarlo Stanton,29,18,72,59,8,17,3,0,3,13,0,0,12,24,.288,.403,.492,.894,138,29,1,0,0,1,0
19,MI,Thairo Estrada,23,35,69,64,12,16,3,0,3,12,4,0,3,15,.250,.294,.438,.732,92,28,1,1,1,0,0
20,C,Kyle Higashioka,29,18,57,56,8,12,5,0,3,11,0,0,0,26,.214,.211,.464,.675,72,26,1,0,0,1,0
21,DH,Miguel Andujar,24,12,49,47,1,6,0,0,0,1,0,0,1,11,.128,.143,.128,.271,-26,6,4,0,0,1,0
22,1B,Greg Bird,26,10,41,35,6,6,0,0,1,1,0,0,6,16,.171,.293,.257,.550,50,9,1,0,0,0,0
23,2B,Breyvic Valera,27,12,37,32,5,7,1,1,0,3,0,0,4,5,.219,.324,.313,.637,73,10,0,1,0,0,0
24,SS,Troy Tulowitzki,34,5,13,11,1,2,1,0,1,1,0,0,2,4,.182,.308,.545,.853,121,6,1,0,0,0,0

OAK
1,C,Josh Phegley,31,106,342,314,44,75,18,0,12,62,0,1,15,63,.239,.282,.411,.693,85,129,11,6,2,5,0
2,1B,Matt Olson,25,127,547,483,73,129,26,0,36,91,0,0,51,138,.267,.351,.545,.896,137,263,11,12,0,1,7
3,2B,Jurickson Profar,26,139,518,459,65,100,24,2,20,67,9,1,48,75,.218,.301,.410,.711,90,188,12,8,0,3,2
4,SS,Marcus Semien,28,162,747,657,123,187,43,7,33,92,10,8,87,102,.285,.369,.522,.892,138,343,11,2,0,1,2
5,3B,Matt Chapman,26,156,670,583,102,145,36,3,36,91,1,1,73,147,.249,.342,.506,.848,126,295,12,11,0,3,0
6,LF,Robbie Grossman,29,138,482,420,57,101,21,3,6,38,9,4,59,86,.240,.334,.348,.682,86,146,7,1,0,2,2
7,CF,Ramon Laureano,24,123,481,434,79,125,29,0,24,67,13,2,27,123,.288,.340,.521,.860,128,226,7,11,1,8,0
8,RF,Stephen Piscotty,28,93,393,357,46,89,17,1,13,44,2,0,29,84,.249,.309,.412,.720,93,147,13,3,1,3,0
9,DH,Khris Davis,31,133,533,481,61,106,11,0,23,73,0,0,47,146,.220,.293,.387,.679,82,186,11,3,0,2,3
10,OF,Mark Canha,30,126,497,410,80,112,16,3,26,58,3,2,67,107,.273,.396,.517,.913,145,212,10,18,0,2,1
11,OF,Chad Pinder,27,124,370,341,45,82,21,0,13,47,0,1,20,88,.240,.290,.416,.706,88,142,11,5,1,3,0
12,1B,Kendrys Morales,36,34,126,108,9,22,1,1,1,7,0,0,14,20,.204,.310,.259,.569,58,28,3,3,0,1,0
13,C,Chris Herrmann,31,30,94,84,9,17,3,0,1,8,0,0,9,29,.202,.280,.274,.553,52,23,4,0,1,0,0
14,LF,Seth Brown,26,26,83,75,11,22,8,2,0,13,1,0,7,23,.293,.361,.453,.815,120,34,2,1,0,0,0
15,C,Nick Hundley,35,31,73,70,5,14,3,1,2,5,0,1,2,18,.200,.233,.357,.590,57,25,7,1,0,0,0
16,IF,Sheldon Neuse,24,25,61,56,3,14,3,0,0,7,0,0,4,19,.250,.295,.304,.599,64,17,2,0,0,1,0
17,C,Sean Murphy,24,20,60,53,14,13,5,0,4,8,0,0,6,16,.245,.333,.566,.899,137,30,3,1,0,0,0
18,2B,Franklin Barreto,23,23,58,57,6,7,2,0,2,5,1,0,1,23,.123,.138,.263,.401,5,15,0,0,0,0,0
19,2B,Corban Joseph,30,11,40,37,4,7,2,0,1,5,0,0,2,5,.189,.225,.324,.549,46,12,2,0,0,1,0
20,C,Beau Taylor,29,10,29,23,3,4,0,0,2,2,0,0,4,6,.174,.321,.435,.756,103,10,0,1,0,0,0
21,C,Dustin Garneau,31,7,19,17,3,5,2,0,1,7,0,0,2,4,.294,.368,.588,.957,153,10,0,0,0,0,0
22,LF,Nick Martini,29,6,13,11,1,1,0,0,1,2,0,0,2,5,.091,.231,.364,.594,57,4,0,0,0,0,0
23,OF,Skye Bolt,25,5,11,10,1,1,1,0,0,0,0,0,1,3,.100,.182,.200,.382,4,2,0,0,0,0,0

SEA
1,C,Omar Narvaez,27,132,482,428,63,119,12,0,22,55,0,0,47,92,.278,.353,.460,.813,120,197,5,4,0,3,1
2,1B,Austin Nola,29,79,267,238,37,64,12,1,10,31,1,0,23,63,.269,.342,.454,.796,115,108,8,4,1,1,1
3,2B,Dee Gordon,31,117,421,393,36,108,12,6,3,34,22,5,18,61,.275,.304,.359,.663,81,141,8,1,3,6,1
4,SS,J.P. Crawford,24,93,396,345,43,78,21,4,7,46,5,3,43,83,.226,.313,.371,.684,87,128,4,2,3,3,0
5,3B,Kyle Seager,31,106,443,393,55,94,19,1,23,63,2,2,44,86,.239,.321,.468,.789,112,184,12,4,0,2,0
6,LF,Domingo Santana,26,121,507,451,63,114,20,1,21,69,8,3,50,164,.253,.329,.441,.770,108,199,11,2,0,2,1
7,CF,Mallex Smith,26,134,566,510,70,116,19,9,6,37,46,9,42,141,.227,.300,.335,.635,74,171,7,11,2,1,0
8,RF,Mitch Haniger,28,63,283,246,46,54,13,1,15,32,4,0,30,81,.220,.314,.463,.778,109,114,3,5,0,2,1
9,DH,Daniel Vogelbach,26,144,558,462,73,96,17,0,30,76,0,0,92,149,.208,.341,.439,.780,112,203,4,2,0,2,2
10,SS,Tim Beckham,29,88,328,304,39,72,21,1,15,47,1,3,21,102,.237,.293,.461,.753,101,140,7,3,0,0,0
11,1B,Edwin Encarnacion,36,65,289,241,48,58,7,0,21,49,0,1,41,55,.241,.356,.531,.888,138,128,3,4,0,3,0
12,UT,Dylan Moore,26,113,282,247,31,51,14,2,9,28,11,9,25,93,.206,.302,.389,.691,88,96,6,9,1,0,0
13,C,Tom Murphy,28,75,281,260,32,71,12,1,18,40,2,0,19,87,.273,.324,.535,.858,129,139,0,1,0,1,0
14,3B,Ryon Healy,27,47,187,169,24,40,16,0,7,26,0,0,13,40,.237,.289,.456,.744,99,77,1,1,0,4,0
15,UT,Jay Bruce,32,47,184,165,27,35,11,0,14,28,1,0,16,53,.212,.283,.533,.816,115,88,1,1,0,2,0
16,UT,Shed Long,23,42,168,152,21,40,12,1,5,15,3,3,16,40,.263,.333,.454,.787,113,69,1,0,0,0,0
17,LF,Tim Lopes,25,41,128,111,11,30,7,0,1,12,6,3,15,29,.270,.359,.360,.720,99,40,1,1,0,1,0
18,LF,Mac Williamson,28,25,87,77,10,14,0,0,3,10,0,1,9,26,.182,.276,.299,.575,58,23,1,1,0,0,0
19,RF,Kyle Lewis,23,18,75,71,10,19,5,0,6,13,0,0,3,29,.268,.293,.592,.885,132,42,0,0,0,1,0
20,CF,Keon Broxton,29,29,63,52,5,6,0,0,2,5,2,4,8,33,.115,.238,.231,.469,30,12,0,1,0,2,0
21,CF,Braden Bishop,25,27,60,56,3,6,0,0,0,4,0,0,3,21,.107,.153,.107,.260,-26,6,0,0,1,0,0
22,OF,Jake Fraley,24,12,41,40,3,6,2,0,0,1,0,0,0,14,.150,.171,.200,.371,1,8,0,1,0,0,0
23,UT,Ryan Court,31,12,25,24,1,5,1,0,1,5,0,0,1,11,.208,.240,.375,.615,64,9,0,0,0,0,0
24,OF,Kristopher Negron,33,10,25,23,3,5,0,0,0,1,1,0,2,9,.217,.280,.217,.497,40,5,0,0,0,0,0
25,MI,Donovan Walton,25,7,19,16,2,3,0,0,0,2,0,1,3,5,.188,.316,.188,.503,45,3,0,0,0,0,0
26,RF,Ichiro Suzuki,45,2,6,5,0,0,0,0,0,0,0,0,1,1,.000,.167,.000,.167,-47,0,0,0,0,0,0
27,C,David Freitas,30,1,4,2,1,0,0,0,0,1,0,0,1,0,.000,.250,.000,.250,-20,0,0,0,0,1,0

TBR
1,C,Mike Zunino,28,90,289,266,30,44,10,1,9,32,0,0,20,98,.165,.232,.312,.544,44,83,4,3,0,0,0
3,2B,Brandon Lowe,24,82,327,296,42,80,17,2,17,51,5,0,25,113,.270,.336,.514,.850,124,152,1,5,0,1,0
4,SS,Willy Adames,23,152,584,531,69,135,25,1,20,52,4,2,46,153,.254,.317,.418,.735,95,222,9,3,3,1,1
5,3B,Yandy Díaz,27,79,347,307,53,82,20,1,14,38,2,2,35,61,.267,.340,.476,.816,116,146,9,1,0,4,1
6,LF,Tommy Pham,31,145,654,567,77,155,33,2,21,68,25,4,81,123,.273,.369,.450,.818,119,255,22,5,0,1,4
7,CF,Kevin Kiermaier,29,129,480,447,60,102,20,7,14,55,19,5,26,104,.228,.278,.398,.676,79,178,8,5,1,1,2
8,RF,Avisail Garcia,28,125,530,489,61,138,25,2,20,72,10,4,31,125,.282,.332,.464,.796,111,227,15,7,0,3,2
9,DH,Austin Meadows,24,138,591,530,83,154,29,7,33,89,12,7,54,131,.291,.364,.558,.922,143,296,3,7,0,0,6
11,IF,Joey Wendle,29,75,263,238,32,55,13,2,3,19,8,3,14,47,.231,.293,.340,.633,70,81,4,8,0,3,0
12,IF,Daniel Robertson,25,74,237,207,23,44,9,1,2,19,2,2,24,59,.213,.312,.295,.607,66,61,10,6,0,0,0
13,OF,Guillermo Heredia,28,89,231,204,31,46,13,0,5,20,2,2,18,60,.225,.306,.363,.668,79,74,4,6,2,1,0
14,1B,Nate Lowe,23,50,170,152,24,40,8,0,7,19,0,0,13,50,.263,.325,.454,.779,106,69,4,2,0,2,0
15,3B,Matt Duffy,28,46,169,147,12,37,8,0,1,12,0,1,19,29,.252,.343,.327,.670,83,48,4,2,0,1,0
16,IF,Mike Brosseau,25,50,142,132,17,36,7,0,6,16,1,0,7,39,.273,.319,.462,.781,106,61,3,2,1,0,0
17,2B,Eric Sogard,33,37,119,109,14,29,6,0,3,10,2,0,9,16,.266,.328,.404,.731,96,44,2,1,0,0,2
18,DH,Jesus Aguilar,29,37,107,92,13,24,3,0,4,16,0,0,12,22,.261,.336,.424,.760,103,39,1,0,0,3,0
19,3B,Christian Arroyo,24,16,57,50,8,11,2,0,2,7,0,0,5,18,.220,.304,.380,.684,83,19,0,1,1,0,0
20,C,Michael Perez,26,22,55,46,6,10,5,0,0,2,0,0,8,19,.217,.345,.326,.672,83,15,0,1,0,0,0
21,C,Erik Kratz,39,6,17,17,0,1,0,0,0,0,0,0,0,8,.059,.059,.059,.118,-68,1,0,0,0,0,0
22,UT,Kean Wong,24,6,14,14,1,3,0,0,0,0,0,1,0,5,.214,.214,.214,.429,16,3,0,0,0,0,0
23,UT,Andrew Velazquez,24,10,12,12,2,1,1,0,0,0,0,0,0,6,.083,.083,.167,.250,-36,2,0,0,0,0,0
24,C,Nick Ciuffo,24,3,6,6,0,1,0,0,0,0,0,0,0,3,.167,.167,.167,.333,-9,1,0,0,0,0,0
25,C,Anthony Bemboom,29,3,5,5,0,2,1,0,0,1,0,0,0,2,.400,.400,.600,1.000,163,3,0,0,0,0,0
26,OF,Johnny Davis,29,8,4,4,5,1,0,1,0,0,0,0,0,2,.250,.250,.750,1.000,151,3,0,0,0,0,0

TEX
1,C,Jeff Mathis,36,86,244,228,17,36,9,0,2,12,1,0,15,87,.158,.209,.224,.433,11,51,2,0,0,1,1
2,1B,Ronald Guzman,24,87,295,256,34,56,20,0,10,36,1,2,32,87,.219,.308,.414,.723,81,106,7,3,0,4,1
3,2B,Rougned Odor,25,145,581,522,77,107,30,1,30,93,11,9,52,178,.205,.283,.439,.721,79,229,4,5,1,1,2
4,SS,Elvis Andrus,30,147,648,600,81,165,27,4,12,72,31,8,34,96,.275,.313,.393,.707,78,236,16,4,0,10,1
5,3B,Asdrubal Cabrera,33,93,368,323,45,76,15,0,12,51,4,0,38,85,.235,.318,.393,.711,80,127,6,3,0,4,1
6,LF,Willie Calhoun,24,83,337,309,51,83,14,1,21,48,0,0,23,53,.269,.323,.524,.848,110,162,5,3,0,2,0
7,CF,Delino DeShields,26,118,408,357,42,89,15,4,4,32,24,6,38,100,.249,.325,.347,.672,72,124,8,3,8,2,0
8,RF,Nomar Mazara,24,116,469,429,69,115,27,1,19,66,4,1,28,108,.268,.318,.469,.786,96,201,5,6,0,6,2
10,UT,Danny Santana,28,130,511,474,81,134,23,6,28,81,21,6,25,151,.283,.324,.534,.857,112,253,8,6,0,5,2
11,CI,Logan Forsythe,32,101,367,317,38,72,17,1,7,39,2,0,44,100,.227,.325,.353,.678,73,112,8,3,0,2,0
12,DH,Hunter Pence,36,83,316,286,53,85,17,1,18,59,6,1,26,69,.297,.358,.552,.910,126,158,2,2,0,2,0
13,OF,Joey Gallo,25,70,297,241,54,61,15,1,22,49,4,2,52,114,.253,.389,.598,.986,145,144,0,2,1,1,4
15,DH,Nick Solak,24,33,135,116,19,34,6,1,5,17,2,0,15,29,.293,.393,.491,.884,123,57,2,4,0,0,1
16,C,Jose Trevino,26,40,126,120,18,31,9,0,2,13,0,0,3,27,.258,.272,.383,.655,64,46,6,0,1,2,0
17,UT,Scott Heineman,26,25,85,75,8,16,6,0,2,7,1,2,9,20,.213,.306,.373,.679,72,28,3,1,0,0,0
18,C,Tim Federowicz,31,29,83,75,6,12,2,0,4,7,1,0,5,31,.160,.213,.347,.559,38,26,1,0,3,0,0
19,CI,Patrick Wisdom,27,9,28,26,1,4,1,0,0,1,0,0,1,15,.154,.185,.192,.377,-3,5,0,0,1,0,0

TOR
1,C,Danny Jansen,24,107,384,347,41,72,12,1,13,43,0,1,31,79,.207,.279,.360,.640,70,125,8,4,1,1,1
2,1B,Justin Smoak,32,121,500,414,54,86,16,0,22,61,0,0,79,106,.208,.342,.406,.748,101,168,11,6,0,1,3
3,2B,Cavan Biggio,24,100,430,354,66,83,17,2,16,48,14,0,71,123,.234,.364,.429,.793,113,152,0,2,0,2,0
4,SS,Freddy Galvis,29,115,473,450,55,120,24,1,18,54,4,1,21,112,.267,.299,.444,.743,96,200,11,0,1,1,1
7,CF,Teoscar Hernandez,26,125,464,417,58,96,19,2,26,65,6,3,45,153,.230,.306,.472,.778,105,197,8,1,0,1,1
8,RF,Randal Grichuk,27,151,628,586,75,136,29,5,31,80,2,1,35,163,.232,.280,.457,.738,93,268,20,5,0,2,0
9,DH,Rowdy Tellez,24,111,409,370,49,84,19,0,21,54,1,1,29,116,.227,.293,.449,.742,95,166,9,7,0,3,3
10,UT,Brandon Drury,26,120,447,418,43,91,21,1,15,41,0,1,25,113,.218,.262,.380,.642,70,159,6,1,0,3,0
11,2B,Eric Sogard,33,73,323,287,45,86,17,2,10,30,6,0,29,47,.300,.363,.477,.840,123,137,2,1,3,3,0
12,OF,Billy McKinney,24,84,276,251,37,54,14,1,12,28,0,2,19,73,.215,.274,.422,.696,83,106,0,2,2,2,0
13,SS,Bo Bichette,21,46,212,196,32,61,18,0,11,21,4,4,14,50,.311,.358,.571,.930,144,112,2,1,0,1,0
14,C,Luke Maile,28,44,129,119,9,18,2,1,2,9,1,0,8,33,.151,.205,.235,.440,18,28,1,0,2,0,0
15,LF,Derek Fisher,25,40,107,93,14,15,2,0,6,12,1,0,14,43,.161,.271,.376,.647,72,35,3,0,0,0,0
16,C,Reese McGuire,24,30,105,97,14,29,7,0,5,11,0,0,7,18,.299,.346,.526,.872,130,51,1,0,0,0,0
17,CF,Jonathan Davis,27,37,95,83,8,15,1,0,2,6,3,1,5,24,.181,.266,.265,.531,44,22,1,5,1,1,0
18,IF,Richard Urena,23,30,80,74,4,18,6,0,0,4,0,0,2,23,.243,.273,.324,.597,60,24,0,1,3,0,0
19,UT,Alen Hanson,26,18,48,43,5,7,0,0,0,4,1,0,3,17,.163,.229,.163,.392,9,7,0,1,0,1,1
20,OF,Socrates Brito,26,17,43,39,5,3,0,1,0,2,0,0,4,17,.077,.163,.128,.291,-19,5,2,0,0,0,0
21,OF,Anthony Alford,24,16,30,28,3,5,0,0,1,1,2,0,1,11,.179,.233,.286,.519,39,8,0,1,0,0,0
22,CF,Kevin Pillar,30,5,17,16,1,1,0,0,0,1,0,0,0,3,.063,.059,.063,.121,-67,1,0,0,0,1,0
23,IF,Breyvic Valera,27,5,15,15,2,4,1,0,1,3,0,0,0,2,.267,.267,.533,.800,106,8,1,0,0,0,0
