Rk,Pos,Name,Age,G,PA,AB,R,H,2B,3B,HR,RBI,SB,CS,BB,SO,BA,OBP,SLG,OPS,OPS+,TB,GDP,HBP,SH,SF,IBB

ARI
1,C,Carson Kelly\kellyca02,24,111,365,314,46,77,19,0,18,47,0,0,48,79,.245,.348,.478,.826,112,150,11,2,0,1,10
2,1B,Christian Walker\walkech02,28,152,603,529,86,137,26,1,29,73,8,1,67,155,.259,.348,.476,.825,111,252,11,6,0,1,6
3,2B,Wilmer Flores\florewi01,27,89,285,265,31,84,18,0,9,37,0,0,15,31,.317,.361,.487,.848,118,129,9,4,0,1,0
4,SS,Nick Ahmed\ahmedni01,29,158,625,556,79,141,33,6,19,82,8,2,52,113,.254,.316,.437,.753,93,243,15,4,1,12,2
5,3B,Eduardo Escobar#\escobed01,30,158,699,636,94,171,29,10,35,118,5,1,50,130,.269,.320,.511,.831,111,325,8,3,0,10,3
6,LF,David Peralta*\peralda01,31,99,423,382,48,105,29,3,12,57,0,0,35,87,.275,.343,.461,.804,106,176,9,5,0,1,3
7,CF,Ketel Marte#\marteke01,25,144,628,569,97,187,36,9,32,92,10,2,53,86,.329,.389,.592,.981,149,337,7,4,0,2,2
8,RF,Adam Jones\jonesad01,33,137,528,485,66,126,25,1,16,67,2,1,31,101,.260,.313,.414,.728,87,201,15,8,0,3,2

ATL
1,C,Tyler Flowers\flowety01,33,85,310,271,36,62,11,3,11,34,0,0,31,105,.229,.319,.413,.733,86,112,8,6,0,2,3
2,1B,Freddie Freeman*\freemfr01,29,158,692,597,113,176,34,2,38,121,6,3,87,127,.295,.389,.549,.938,136,328,17,6,0,2,11
3,2B,Ozzie Albies#\albieoz01,22,160,702,640,102,189,43,8,24,86,15,4,54,112,.295,.352,.500,.852,114,320,2,4,0,4,6
4,SS,Dansby Swanson\swansda01,25,127,545,483,77,121,26,3,17,65,10,5,51,124,.251,.325,.422,.748,89,204,7,5,1,5,2
5,3B,Josh Donaldson\donaljo02,33,155,659,549,96,142,33,0,37,94,4,2,100,155,.259,.379,.521,.900,127,286,13,8,0,2,2
6,LF,Austin Riley\rileyau01,22,80,297,274,41,62,11,1,18,49,0,2,16,108,.226,.279,.471,.750,86,129,4,5,0,2,3
7,CF,Ronald Acuna Jr.\acunaro01,21,156,715,626,127,175,22,2,41,101,37,9,76,188,.280,.365,.518,.883,122,324,8,9,0,1,4
8,RF,Nick Markakis*\markani01,35,116,469,414,61,118,25,2,9,62,2,0,47,59,.285,.356,.420,.776,98,174,11,2,0,6,1

CHC
1,C,Willson Contreras\contrwi01,27,105,409,360,57,98,18,2,24,64,1,2,38,102,.272,.355,.533,.888,125,192,4,9,0,2,2
2,1B,Anthony Rizzo*\rizzoan01,29,146,613,512,89,150,29,3,27,94,5,2,71,86,.293,.405,.520,.924,137,266,15,27,0,3,3
3,2B,Addison Russell\russead02,25,82,241,215,25,51,4,1,9,23,2,0,20,58,.237,.308,.391,.699,79,84,7,3,1,2,2
4,SS,Javier Baez\baezja01,26,138,561,531,89,149,38,4,29,85,11,7,28,156,.281,.316,.531,.847,113,282,16,0,0,2,3
5,3B,Kris Bryant\bryankr01,27,147,634,543,108,153,35,1,31,77,4,0,74,145,.282,.382,.521,.903,131,283,10,15,0,2,1
6,LF,Kyle Schwarber*\schwaky01,26,155,610,529,82,132,29,3,38,92,2,3,70,156,.250,.339,.531,.871,120,281,6,5,0,6,5
7,CF,Albert Almora\almoral01,25,130,363,339,41,80,11,1,12,32,2,1,16,62,.236,.271,.381,.651,66,129,8,1,5,2,4
8,RF,Jason Heyward*\heywaja01,29,147,589,513,78,129,20,4,21,62,8,3,68,110,.251,.343,.429,.772,98,220,12,5,0,3,5

CIN
1,C,Tucker Barnhart#\barnhtu01,28,114,364,316,32,73,14,0,11,40,1,0,44,83,.231,.328,.380,.708,82,120,5,2,1,1,7
2,1B,Joey Votto*\vottojo01,35,142,608,525,79,137,32,1,15,47,5,0,76,123,.261,.357,.411,.768,98,216,14,4,0,3,2
3,2B,Jose Peraza\perazjo01,25,141,403,376,37,90,18,2,6,33,7,6,17,58,.239,.285,.346,.631,62,130,9,8,0,2,0
4,SS,José Iglesias\iglesjo01,29,146,530,504,62,145,21,3,11,59,6,6,20,70,.288,.318,.407,.724,85,205,17,3,1,2,3
5,3B,Eugenio Suarez\suareeu01,27,159,662,575,87,156,22,2,49,103,3,2,70,189,.271,.358,.572,.930,134,329,12,11,0,6,4
6,LF,Jesse Winker*\winkeje01,25,113,384,338,51,91,17,2,16,38,0,2,38,60,.269,.357,.473,.830,111,160,10,8,0,0,2
7,CF,Nick Senzel\senzeni01,24,104,414,375,55,96,20,4,12,42,14,5,30,101,.256,.315,.427,.742,89,160,6,3,0,1,0
8,RF,Yasiel Puig\puigya01,28,100,404,373,51,94,15,1,22,61,14,5,23,89,.252,.302,.475,.777,95,177,9,5,0,3,1

COL
1,C,Tony Wolters*\wolteto01,27,121,411,359,42,94,17,2,1,42,0,1,36,68,.262,.337,.329,.666,64,118,9,8,2,6,5
2,1B,Daniel Murphy*\murphda08,34,132,478,438,56,122,35,1,13,78,1,1,32,74,.279,.328,.452,.780,87,198,10,2,0,4,1
3,2B,Ryan McMahon*\mcmahry01,24,141,539,480,70,120,22,1,24,83,5,1,56,160,.250,.329,.450,.779,87,216,14,1,1,1,1
4,SS,Trevor Story\storytr01,26,145,656,588,111,173,38,5,35,85,23,8,58,174,.294,.363,.554,.917,118,326,3,7,0,3,0
5,3B,Nolan Arenado\arenano01,28,155,662,588,102,185,31,2,41,118,3,2,62,93,.315,.379,.583,.962,129,343,14,4,0,8,11
6,LF,Raimel Tapia*\tapiara01,25,138,447,426,54,117,23,5,9,44,9,3,21,100,.275,.309,.415,.724,74,177,2,0,0,0,0
7,CF,Ian Desmond\desmoia01,33,140,482,443,64,113,31,4,20,65,3,3,34,119,.255,.310,.479,.788,88,212,12,2,1,2,1
8,RF,Charlie Blackmon*\blackch02,32,140,634,580,112,182,42,7,32,86,2,5,40,104,.314,.364,.576,.940,123,334,11,9,0,5,1

LAD
1,C,Austin Barnes\barneau01,29,75,242,212,28,43,12,1,5,25,3,0,23,56,.203,.293,.340,.633,68,72,8,5,0,2,3
2,1B,Max Muncy*\muncyma01,28,141,589,487,101,122,22,1,35,98,4,1,90,149,.251,.374,.515,.889,133,251,5,8,0,4,1
3,2B,Enrique Hernandez\hernaen02,27,130,460,414,57,98,19,1,17,64,4,0,36,97,.237,.304,.411,.715,87,170,9,6,0,4,3
4,SS,Corey Seager*\seageco01,25,134,541,489,82,133,44,1,19,87,1,0,44,98,.272,.335,.483,.817,113,236,8,4,0,4,3
5,3B,Justin Turner\turneju01,34,135,549,479,80,139,24,0,27,67,2,0,51,88,.290,.372,.509,.881,131,244,11,14,0,5,1
6,LF,Joc Pederson*\pederjo01,27,149,514,450,83,112,16,3,36,74,1,1,50,111,.249,.339,.538,.876,127,242,4,12,0,2,2
7,CF,A.J. Pollock\polloaj01,31,86,342,308,49,82,15,1,15,47,5,1,23,74,.266,.327,.468,.795,108,144,7,7,0,4,1
8,RF,Cody Bellinger*\bellico01,23,156,661,558,121,170,34,3,47,115,15,5,95,108,.305,.406,.629,1.035,169,351,10,3,0,4,21

HOU
1,C,Robinson Chirinos\chiriro01,35,114,437,366,57,87,22,1,17,58,1,2,51,125,.238,.347,.443,.790,105,162,11,13,2,5,1
2,1B,Yuli Gurriel\gourryu01,35,144,612,564,85,168,40,2,31,104,5,3,37,65,.298,.343,.541,.884,126,305,12,5,0,6,2
3,2B,Jose Altuve\altuvjo01,29,124,548,500,89,149,27,3,31,74,6,5,41,82,.298,.353,.550,.903,131,275,19,3,1,3,0
4,SS,Carlos Correa\correca01,24,75,321,280,42,78,16,1,21,59,1,0,35,75,.279,.358,.568,.926,137,159,8,2,0,4,0
5,3B,Alex Bregman\bregmal01,25,156,690,554,122,164,37,2,41,112,5,1,119,83,.296,.423,.592,1.015,162,328,9,9,0,8,2
6,LF,Michael Brantley*\brantmi02,32,148,637,575,88,179,40,2,22,90,3,2,51,66,.311,.372,.503,.875,126,289,21,7,0,4,3
7,CF,Jake Marisnick\marisja01,28,120,318,292,46,68,16,3,10,34,10,3,17,95,.233,.289,.411,.700,80,120,6,6,3,0,0
8,RF,Josh Reddick*\reddijo01,32,141,550,501,57,138,19,3,14,56,5,2,36,66,.275,.319,.409,.728,89,205,9,0,1,9,1
9,DH,Yordan Álvarez*\alvaryo01,22,87,369,313,58,98,26,0,27,78,0,0,52,94,.313,.412,.655,1.067,173,205,9,2,0,2,4